&nbsp; 4.167052290777361 0 58
.&nbsp 3.700432765378661 0 36
thismess 3.308390666533681 0 24
mars" 3.267568706142711 0 23
&robin 3.0852471280179525 0 19
thisturkey 3.03395381005425 0 18
"8mm 2.9798866336909295 0 17
tombraider 2.9227281947559174 0 16
godzilla. 2.862103544707537 0 15
.freeze 2.7975650768969746 0 14
joeeszterhas 2.7285721749374474 0 13
knockoff 2.692204561239148 1 26
anyway? 2.6544641676230594 0 12
ofmars 2.6152434859737355 1 24
americanwerewolf 2.574421525582766 0 11
andboring 2.5318618369698687 1 22
101dalmatians 2.487410109809856 0 10
"batman 2.4566384657597435 2 31
general'sdaughter 2.440890132958243 1 20
&cash 2.392099947458007 0 9
absolutelyno 2.358198387429903 2 28
insultto 2.3408066294943044 1 18
dalmatians" 2.286739453130984 0 8
savinggrace 2.229581014195972 1 16
videogame 2.209778407025942 2 24
dalmatians, 2.1689563641475917 0 7
tomars 2.1176630606838724 4 37
"end 2.1044178963370292 1 14
andphil 2.035424994377502 0 6
missionto 2.0113274608103087 5 40
,boring 1.9866348685102135 2 19
thinking? 1.961316987063114 1 12
mortalkombat 1.9353415505465108 2 18
redplanet 1.8812743741831905 2 17
boring, 1.8812743575201214 6 41
silverman. 1.8812743450228204 0 5
badmovie 1.8625821700931038 8 52
mess, 1.8387146564099233 3 22
hankazaria 1.8241159352481784 2 16
sowhy 1.81228142556707 4 27
don'tbother 1.7942629292499106 1 10
targetaudience 1.7634912851997981 2 15
"mission 1.738173418252682 4 25
mess. 1.7317426126886097 5 30
sobad 1.7236453591981569 7 40
"spawn 1.6989528173892356 2 14
thenthere's 1.6989527668980617 7 39
noreason 1.6650512068699577 5 28
the13th 1.6581307762123885 4 23
debont 1.647659448934359 3 18
flat. 1.6299599154297084 2 13
film? 1.5935923017314089 5 26
partner( 1.5935922725710387 1 8
thatmovie 1.5711193604394786 4 21
somemovies 1.5558519081153204 2 12
asbad 1.5448021208989076 6 29
vandamme 1.5417671445402163 10 46
wouldn'thave 1.5364338336360266 3 16
giveus 1.5245993835878657 4 20
theworst 1.5065808955814086 31 131
commonsense 1.4758092660750268 2 11
nothing. 1.4758092189393803 6 27
doesn'thelp 1.4758091980876298 4 19
julieand 1.4758091835876463 1 7
this? 1.444060511076458 7 30
doesn'teven 1.4394416052410808 6 26
hadsome 1.4332495774621297 5 22
thanthis 1.424515880123927 9 37
prettybad 1.4112707157770839 3 14
toobad 1.3957665494290676 12 47
adviceto 1.388797850302117 2 10
atbest 1.3773691052578059 7 28
shouldhave 1.3704487137584476 34 125
somenice 1.3704487037606068 4 17
reasonto 1.3658082914902643 11 42
fiveminutes 1.3580261382111392 8 31
littleof 1.342277873450504 5 20
adoabout 1.3422778138175566 1 6
why? 1.3262774656999508 8 30
butonly 1.3216585695846987 6 23
comments: 1.3132902648255946 4 16
urbanlegend 1.305910200119257 7 26
isn'tgiven 1.2934876879502681 2 9
thanto 1.2834373267709775 9 32
attemptsat 1.2751385175940193 10 35
littleto 1.2681699012967815 11 38
itlook 1.2681698065031686 3 12
nextto 1.2595860598812987 8 28
probablybe 1.2526656147772144 4 15
you'dthink 1.2421943699865654 5 18
afterthat 1.234647153811789 6 21
onlything 1.228949124853843 15 49
reason, 1.220916942266026 9 30
clich? 1.2116575949999362 13 42
isn'tall 1.1881271936232451 2 8
movie? 1.1881271846508223 12 38
car, 1.188127176960176 6 20
tvshows 1.188127164462875 1 5
remakeof 1.1881271547427499 8 26
allwe 1.188127146966652 4 14
androbin 1.18812714060439 10 32
sitthrough 1.157355428610627 10 31
nosense 1.154225536447374 9 28
worse. 1.1503867611266614 8 25
supposedto 1.1497662898790795 61 178
thespice 1.1455674758499779 7 22
wholelot 1.13933699145994 6 19
talent, 1.130968754688233 5 16
whatwas 1.123588643325304 15 44
thebad 1.121435733942576 30 86
anygood 1.1191342450071247 4 13
!! 1.1175095317693557 43 122
issupposed 1.1153677641702 18 52
don'teven 1.1111660794773375 8 24
fightscenes 1.101115816633616 11 32
heck, 1.1011157486899652 3 10
ofscreen 1.0880436734962373 6 18
doesn'twork 1.0703441190863678 8 23
obnoxious, 1.0703441046398527 2 7
,they're 1.0589153502807864 10 28
pointin 1.0545957718383523 7 20
noneof 1.0517906965910395 33 88
figureout 1.0492906735807832 17 46
thisstuff 1.0450262376927366 4 12
thebrothers 1.033976497132917 6 17
don'tcare 1.0238240588405372 10 27
badguy 1.0152842985971873 20 52
,please 1.0058056368292903 5 14
aren'tthat 1.0058055863381163 1 4
heseems 0.9923825701085249 14 36
thetv 0.9903013879938936 12 31
attemptat 0.9874564451422376 10 26
turnsinto 0.983332703313458 8 21
itfails 0.9768180581979049 6 16
tocare 0.9719040263100123 11 28
lastsummer 0.9649836189807388 14 35
acollege 0.9649835956524431 4 11
somereason 0.9585527154827052 12 30
thecurrent 0.9545122683744136 7 18
didlast 0.9469651201432878 13 32
patheticand 0.936812734869763 2 6
what? 0.9368127264618451 8 20
anyway. 0.9368126932579202 14 34
nothingto 0.9316976217592021 27 64
lastyear's 0.9257629201833311 12 29
followedby 0.9224239070395459 9 22
,nor 0.9198631727222466 16 38
ittries 0.9161934081495247 6 15
castand 0.9104953698768252 10 24
theyshould 0.9078251800457267 14 33
script. 0.9052643470455397 22 51
thefilmmakers 0.9040228674248265 30 69
toadd 0.9004451211714635 11 26
andabout 0.9004450920110934 3 8
isuppose 0.8902926270369864 21 48
theanswer 0.8880225409616092 8 19
tofigure 0.8844447356383363 13 30
hey, 0.8779722419911096 14 32
:what 0.8779721798795332 4 10
thewriters 0.8696734094858556 10 23
abunch 0.8627047436070239 29 64
seanconnery 0.862704727555375 5 12
abad 0.8613051836488781 54 118
wouldn'tbe 0.8567700182238038 12 27
twohours 0.8549826210676805 19 42
scriptand 0.8516549403389622 13 29
noteven 0.8493534123795357 28 61
allthis 0.848619963980271 21 46
aroundand 0.8432866530760812 7 16
actually, 0.8398204650487102 16 35
youwant 0.8367292938251918 26 56
fbiagent 0.8367292229979064 8 18
earth. 0.8339553155986508 18 39
* 0.8330928630817223 28 60
knowthis 0.8314522030279203 9 20
justbecause 0.8271137208729584 10 22
thisguy 0.8234840459060511 11 24
bad, 0.8234840459060493 23 49
appearsto 0.8204024045255043 25 53
firstplace 0.8177533298196842 13 28
thestudio 0.815451857486158 14 30
aroundin 0.8134337150214641 15 32
youdid 0.8116495393258916 16 34
mighthave 0.8100609977623723 35 73
. 0.8086375289451642 37 77
sense. 0.8061924535656342 20 42
bunchof 0.7968466598135766 34 70
theremust 0.7826620855150814 5 11
orsomething 0.7826620621867839 14 29
theycome 0.7826620466345862 8 17
it'stime 0.7826620383794349 6 13
minutes. 0.782662035525874 20 41
havesome 0.7826620261136981 16 33
garyoldman 0.7826620175276844 4 9
big, 0.7826620109094158 12 25
doctor( 0.782662003027701 3 7
theocean 0.7826619937129458 10 21
muchbetter 0.7639699073453237 26 52
failsto 0.7606831838676751 22 44
notone 0.7544911209117675 17 34
nothingbut 0.752809088059081 16 32
better. 0.7518903417100038 32 63
no, 0.7509133305165125 31 61
it) 0.7487604516675059 14 28
waitfor 0.7462944246811354 13 26
of, 0.7434413292600919 12 24
addto 0.7401023969021843 11 22
itwasn't 0.7382102892323363 22 43
hasno 0.7375415896749953 33 64
howdo 0.7361420168613328 10 20
unfortunately, 0.733529369268445 72 138
moviewhere 0.7313686995639817 9 18
ifi 0.7295521780372844 28 54
theyget 0.7285948212716278 18 35
director. 0.725503607699574 8 16
thefight 0.7220373760653178 16 31
herself. 0.7181235352171385 7 14
this. 0.7167040814217387 46 87
"" 0.7164126083593256 38 72
seemedto 0.7152207304204836 22 42
toshow 0.7146085552621795 37 70
possible. 0.7136691602272567 14 27
minutesof 0.7127034559260288 36 68
teenagers. 0.7085540310650469 6 12
yeah, 0.7047004743284475 19 36
formost 0.7026193688691222 12 23
acar 0.7004238955488091 18 34
somethingto 0.6956506697421716 23 43
endsup 0.6956506696449569 35 65
towork 0.6916903123807234 45 83
theteam 0.6902887035541294 16 30
attemptto 0.6895715663952977 44 81
halfwaythrough 0.6873518313610969 10 19
offwith 0.6842219246978605 15 28
canonly 0.6825785320619353 20 37
anhour 0.6815659233635376 25 46
!" 0.6810822074808653 87 158
besaid 0.6773015465289571 14 26
rightbefore 0.6773015232006614 4 8
thedevil 0.6714363823366156 18 33
tvseries 0.669333349415723 13 24
iguess 0.6682516933551952 36 65
aplot 0.6648790368985331 26 47
morganfreeman 0.6648789576511938 8 15
with, 0.6620340447076103 21 38
actionfilms 0.6600596802562251 12 22
dialogueand 0.6574989082547553 16 29
worse, 0.6559103068264012 20 36
project, 0.6491306928905587 11 20
hewasn't 0.6491306332576112 3 6
!) 0.6447922743194656 65 114
badguys 0.6438255913929485 26 46
youwould 0.6395611529128686 14 25
theydidn't 0.6360585133973942 10 18
thriller, 0.6331302851400054 17 30
hopefor 0.6285113890247533 6 11
guy. 0.6235972977354773 16 28
thetelevision 0.6201430842656492 9 16
thewhole 0.619510405389847 92 157
anyway, 0.6156079530962124 25 43
humor. 0.6127630195593117 15 26
tosit 0.6108117322882354 18 31
couldhave 0.6102908193503112 119 201
verylittle 0.606771327079775 30 51
istill 0.600340515760962 26 44
rival, 0.6003405073903227 2 4
killer. 0.6003404898406313 8 14
onand 0.6003404712635447 14 24
thepoint 0.5960761324164032 46 77
middleof 0.595063428647105 37 62
funny. 0.5926183942843615 51 85
justplain 0.5902901462110322 19 32
havebeen 0.5898012926668397 247 408
watchingthis 0.5885060062952281 16 27
haveyou 0.5859517004118562 13 22
problemis 0.5819913582416145 32 53
anexample 0.5819913370340739 10 17
justto 0.5750227207368361 23 38
club, 0.5750226259432232 7 12
moviewas 0.5729415135508695 36 59
icould 0.5713529167636029 41 67
jokes, 0.5690879762445995 12 20
notmuch 0.5664388793213533 17 28
what'sgoing 0.5595185108725751 14 23
itinvolves 0.559518434217269 4 7
meto 0.5548780623137706 26 42
ahalf 0.5538204113112553 21 34
goingfor 0.5521383925969285 16 26
ifthe 0.550330033529626 81 129
me. 0.5500397792424145 52 83
,none 0.54904718942662 11 18
actorsare 0.5462732644776729 18 29
either. 0.544250964625526 32 51
atleast 0.542562632489636 170 268
shecan 0.5414999787089858 20 32
rightin 0.5414999732518435 6 10
here. 0.5375395919825134 68 107
intothis 0.5358019442938993 15 24
actionsequences 0.5358019442938975 31 49
findout 0.533446227387337 33 52
untilthey 0.531347587881104 8 13
thismovie 0.5308728873307391 300 467
,director 0.5277697617060806 19 30
itjust 0.5267286850394814 30 47
effortto 0.5248328980990618 10 16
fromthis 0.5223789641910859 23 36
withno 0.5216482191633194 36 56
iknew 0.5202977907443636 12 19
savethe 0.5185104144399908 27 42
theplace 0.51439799898084 16 25
thatdoesn't 0.5123716539583949 18 28
ithad 0.5107282667152226 20 31
there'sa 0.5078833302138044 76 116
anaction 0.5072500510738696 26 40
thescript 0.5055063893441369 125 190
didnot 0.5044586881616517 34 52
thinkthat 0.5030771474087601 40 61
.. 0.5029887284708225 911 1378
featuresthe 0.49498001306329975 5 8
justdon't 0.4949799964002306 13 20
johnson) 0.49497998390292963 3 5
atone 0.4949799787569802 33 50
people. 0.4949799741828045 35 53
jameswoods 0.4949799664067065 9 14
dowith 0.4949799630740923 41 62
thewoman 0.49497996004444467 21 32
onlyone 0.48541045975515473 34 51
,except 0.4834190911811902 28 42
forsome 0.4820765770930979 51 76
isit 0.4815569650051721 49 73
movie. 0.48155690110141425 249 369
mean, 0.48038119361845233 22 33
ifelt 0.47897959420403424 20 30
butyou 0.47728036251814565 18 27
todo 0.4763825881067145 198 292
plot, 0.47436072348012637 48 71
likethat 0.473926538397345 31 46
oreven 0.47250709509966526 29 43
bein 0.4708824032000898 27 40
onthis 0.4690044817979313 38 56
ofdialogue 0.4690044727806608 12 18
beena 0.4681686536467602 62 91
,how 0.4668090873404811 23 34
onan 0.4642083225852325 32 47
supportingcharacters 0.4642082480506815 10 15
oh, 0.46219016390191037 30 44
triedto 0.4610783558874285 19 28
in" 0.459533248582531 133 193
know, 0.45926182543479577 37 54
lineslike 0.457239580566716 8 12
"with 0.45242029529003247 15 22
thejokes 0.45052825556383524 22 32
funnymoments 0.44618981089999465 6 9
movieslike 0.44618979890466015 20 29
ifyou're 0.44368667201915635 39 56
theonly 0.44295874670508706 216 308
"but 0.4423362475451267 25 36
ofmovies 0.4409127488198461 18 26
thekid 0.4378215741282876 11 16
butthis 0.4367110939354113 52 74
not. 0.436385741590108 40 57
areso 0.43526075717974955 45 64
there'snothing 0.4343553569405465 16 23
j. 0.43328633714260434 38 54
iam 0.4312641408100717 53 75
do. 0.42984060427695425 36 51
eventhe 0.4279692470041585 71 100
makea 0.4276277227965979 86 121
thejob 0.42598711824805235 14 20
tellthat 0.42598706444717926 4 6
wasan 0.4197565435700721 22 31
lookingat 0.4180188989173921 17 24
asif 0.41560639117444076 82 114
cando 0.41493729641734056 25 35
iknow 0.4140109066415256 59 82
difficultto 0.41330191143496187 33 46
comeup 0.41228818838538217 20 28
andthen 0.4101137151923915 126 174
asto 0.4099867182735988 44 61
allthat 0.4079686360736705 47 65
thecreature 0.4079685681300198 7 10
thatwas 0.4050317099098599 61 84
musthave 0.40459591557453756 26 36
thewater 0.4031723552037576 18 25
(or 0.4023871729158035 48 66
likethis 0.40188949394351603 89 122
runningtime 0.40129445014985876 40 55
,what 0.40095103040789404 51 70
goeson 0.3996698014476614 32 44
black, 0.399669780240119 10 14
that'snot 0.3969995749423738 24 33
butthat 0.3962450953180632 38 52
,every 0.3948964929362919 13 18
isso 0.3934198126913424 106 144
(one 0.39179566832764934 16 22
theplot 0.39118315531098347 212 287
instead, 0.38875768942513567 42 57
thather 0.3880078710588837 22 30
forthat 0.38578070098770745 28 38
which, 0.3849790093181671 31 42
tothink 0.38375433497989775 37 50
ontheir 0.3832759130665089 40 54
hadbeen 0.38286263300061485 43 58
couldbe 0.3808666907419145 67 90
so, 0.38043844396879223 76 102
outand 0.37719696444675144 26 35
therealm 0.37719693852642244 8 11
theeye 0.3771969327478164 14 19
film'sfew 0.37719692407990735 2 3
idid 0.37719690681232265 32 43
towhat 0.3771968969451329 20 27
( 0.37183500986066953 186 247
lookslike 0.3717473217610703 45 60
enough, 0.3709272855392882 39 52
isgiven 0.3698168358029754 33 44
,or 0.36896649810987814 182 241
tothat 0.3682282677007578 27 36
work. 0.36771817369233695 52 69
sothe 0.3671466368877567 24 32
tosave 0.36650166324828604 46 61
goingto 0.3665015960169278 140 185
anyof 0.3662678901274994 68 90
itthat 0.36576816972084103 21 28
least, 0.3639516735544337 18 24
problemwith 0.3639516735544319 37 49
imean 0.362808129101964 34 45
ifonly 0.3614485912784069 15 20
themiddle 0.36066762926688156 60 79
comedy. 0.36038977573472053 44 58
guywho 0.3598051696774913 28 37
timeto 0.3577788574823302 51 67
astheir 0.3577788574823284 12 16
himin 0.3577788466877063 38 50
on. 0.3561434930208378 71 93
manageto 0.3552180757595096 22 29
endof 0.35270597526425984 92 120
butat 0.3518791460943298 29 38
thatanyone 0.3518790571327912 9 12
toomany 0.3497979622366607 36 47
otherthan 0.3490260387239328 53 69
abig 0.34902600416349294 80 104
wouldhave 0.3483764771221409 131 170
havethe 0.3480888251891976 60 78
astar 0.34734394116763667 16 21
mustbe 0.34544825156871894 47 61
director, 0.3437489307145949 37 48
wehave 0.3429637458530195 51 66
sortsof 0.34082931657297166 6 8
loveinterest 0.34082928324683337 20 26
i'mnot 0.338975719096549 59 76
attemptsto 0.3384109285200054 45 58
whata 0.3379761852622405 38 49
thing. 0.33637492489399357 24 31
aboutto 0.33564786090153653 42 54
nameof 0.3346372499135253 17 22
asecond 0.3331369444419572 28 36
." 0.33103491663134577 398 507
wantedto 0.33067692996070974 32 41
ismerely 0.3306768782805918 10 13
with. 0.3287445167310761 36 46
movie, 0.32846209794876824 225 286
off. 0.32590362858667454 44 56
watchingit 0.32590361478411367 14 18
playsa 0.32482896198554556 48 61
effects, 0.32435438235578395 33 42
givea 0.32312971316346406 18 23
thatit's 0.3218468101964369 64 81
caseof 0.3213164652402316 22 28
there, 0.3200385255117393 53 67
scenesof 0.31908932026123615 30 38
ahuge 0.31777344242240346 38 48
needto 0.3165722954022083 50 63
,then 0.3157305724545507 129 162
inher 0.31547134068693516 70 88
"i 0.31518680514095543 78 98
,if 0.3141387572562415 134 168
that'swhy 0.31265845626934485 11 14
thisone 0.31265843795197235 99 124
that. 0.3126584329410491 59 74
thingthat 0.31265841738885136 35 44
interestand 0.31265840577817094 3 4
andhave 0.312658390850153 27 34
overand 0.3126583754834673 19 24
amovie 0.3108550196683524 221 276
ifit 0.307517029499234 77 96
sohe 0.3065793367605689 32 40
givena 0.30573799331417106 28 35
inthis 0.30522340479160714 323 401
thehouse 0.30462625238280516 24 30
ofit 0.3046262523828043 99 123
goodmovie 0.3030888896307449 20 25
then, 0.3024368336986427 58 72
thatcould 0.3020762676578794 37 46
yes, 0.30148509761697007 71 88
thespecial 0.300823991761078 50 62
thepresence 0.30082396431602376 16 20
mightbe 0.29981025742963396 46 57
--and 0.29923538954857953 29 36
triesto 0.2989730086937268 102 126
(as 0.29860661907699537 42 52
thatwere 0.29715420743394816 12 15
it'sthe 0.2958513090298407 47 58
money. 0.29536684313009864 34 42
topof 0.29430926458229223 21 26
goingon 0.29361022404144066 52 64
haveto 0.29259078616430845 150 184
?) 0.29125443119959904 84 103
themovie 0.29112644672755295 675 826
original. 0.2901855874571222 26 32
andput 0.2901855227535126 8 10
youhave 0.28884775270949703 67 82
youget 0.28734061912468434 31 38
better, 0.28622517379998236 22 27
lackof 0.28622516370160866 68 83
acouple 0.28367090267561945 97 118
iskilled 0.2836708776379595 13 16
charactersare 0.283670869406885 83 101
,no 0.2830097086134984 88 107
out. 0.2827060860676447 60 73
itcould 0.2824185735613618 46 56
buti 0.282280370276756 126 153
likea 0.28202640643357313 178 216
itup 0.2818867444604738 32 39
tomake 0.281053036190678 269 326
"this 0.2805700245505669 18 22
enoughto 0.2790567027280977 114 138
acting. 0.2787568457500669 23 28
ican 0.2787568068695716 71 86
soi 0.2775670675913524 28 34
tohave 0.27672640459414666 169 204
wantto 0.2753513361332951 141 170
** 0.27465729230930513 117 141
youknow 0.27408612132720833 73 88
sawthe 0.27183645708343107 24 29
thateven 0.2718364384207934 14 17
charisma. 0.2718364150924977 4 5
thewrong 0.2671959639416599 35 42
arejust 0.2664455637154859 30 36
movieis 0.2657940463959214 165 197
dothe 0.26540553492275976 25 30
abetter 0.2647189659893847 46 55
ifthere 0.26386820798142097 20 24
,she 0.262921022237923 168 200
andnow 0.2613650878144682 31 37
betterthan 0.2604726325959348 58 69
too. 0.2601403704466385 42 50
see, 0.25941387546335903 26 31
atall 0.2588068975820166 102 121
tobe 0.25859121060511736 987 1169
thecase 0.2578501724113451 59 70
arereally 0.25656887096620373 10 12
nota 0.2559630841212561 126 149
as" 0.2554999633968009 71 84
herto 0.25459453625837547 38 45
youcould 0.2538179395833424 27 32
megryan 0.2520337788157878 16 19
endup 0.25078296958691304 39 46
getthe 0.2504452209356618 62 73
them. 0.25013805646725107 131 154
wherethey 0.2498575601016828 22 26
abouta 0.24894257639985184 80 94
it'sall 0.2485795543791589 28 33
tosing 0.24366555430981762 5 6
doesn'thave 0.2436655459018997 35 41
audience, 0.24366551269797476 29 34
e. 0.24366546514158216 41 48
me, 0.24170664019924715 72 84
don'tknow 0.24033770902117269 42 49
scriptis 0.23979698765189816 36 42
frontof 0.23904661258769977 30 35
awaywith 0.2379348465641531 24 28
now, 0.23683954518776495 62 72
") 0.2361183183215685 189 219
beenthe 0.23611829739055423 18 21
". 0.23611829739055334 151 175
whojust 0.23261573962338566 12 14
typeof 0.23261570373370155 38 44
tryingto 0.2315625872151772 189 218
forit 0.23148511938374128 58 67
dr. 0.23092653198660962 78 90
theguy 0.23059342649677106 32 37
theoriginal 0.2299667244211685 125 144
issome 0.2292767264796005 19 22
whatthe 0.2281009871070392 73 84
so. 0.22766520295217063 26 30
case, 0.22609035528959254 40 46
again. 0.22506034657825147 61 70
ihad 0.22468958150661322 75 86
butthere's 0.22304624759045133 20 23
coreof 0.22304622758957926 6 7
,only 0.22054316269588092 49 56
andthis 0.21956795270175888 71 81
anactor 0.21872661632454182 28 32
likelyto 0.21734818931687983 21 24
"and 0.21691334722802313 183 208
(i 0.21667000775443057 58 66
ispretty 0.21626656961213797 36 41
surethat 0.21467799948578126 14 16
,so 0.2133843481192308 181 205
halfof 0.21312873857870152 37 42
ajob 0.2121171664855943 22 25
characteris 0.21161749898252857 76 86
thispoint 0.21087568686488112 30 34
tostop 0.2101428090983628 38 43
upin 0.20870335727578926 78 88
it. 0.20854551788730458 355 400
ofpeople 0.20729794061151807 47 53
theopening 0.20729791145114795 63 71
actingis 0.2072978939549266 39 44
,at 0.2061518231340429 96 108
sortof 0.2060486333480842 88 99
toget 0.20587842496509712 234 263
withthis 0.20558699894920807 64 72
arenot 0.20284354827120588 74 83
,there 0.202133690090867 150 168
littlemore 0.2019928020848667 41 46
picksup 0.20074046085208508 16 18
wantsto 0.19932974064755804 111 124
meanwhile, 0.19714544647704102 43 48
astory 0.19676039538169654 52 58
onlythe 0.19487540765279654 26 29
body, 0.19487536040166376 8 9
a" 0.19487535502512365 98 109
highschool 0.19487534408505702 62 69
thati 0.1929503782935793 155 172
underthe 0.19269914626173446 45 50
theday 0.19216897641199715 36 40
eddiemurphy 0.19129755507839086 27 30
shouldbe 0.19061095867499667 93 103
words, 0.18959832053894132 18 20
performancein 0.18795490433077866 28 31
istoo 0.1871532502865101 38 42
this, 0.1866786510283447 97 107
themain 0.1857429491707343 98 108
,i 0.1855295043214964 515 567
aspectof 0.18482506143116417 29 32
thathas 0.18482501804055396 49 54
flat, 0.18482499931958785 9 10
ascene 0.1833335843755357 60 66
thebiggest 0.1826052796576061 40 44
becausethe 0.1818881736526876 61 67
thatwould 0.1813224452358373 51 56
thisscene 0.18048655897755417 20 22
butif 0.1791269857283293 31 34
areal 0.1765262670994847 54 59
allover 0.1765262501334508 32 35
ironically, 0.1765262289259102 10 11
agood 0.17616700865066282 231 252
butthey 0.175281646882679 66 72
comedy, 0.17407223561655094 67 73
ita 0.17359797622498263 56 61
robinwilliams 0.1728964848362704 22 24
andwith 0.17175292162639977 34 37
hada 0.17064038982036145 70 76
ithink 0.1702761907648167 106 115
,just 0.16955757374817715 71 77
reason. 0.16955754699542958 11 12
andso 0.16829575795022933 60 65
factthat 0.16829575795022844 121 131
thescenes 0.1679864858187532 48 52
.) 0.16735737420376395 209 226
waythrough 0.1664759414256043 24 26
body. 0.16362283766385843 12 13
tobelieve 0.1636228322467499 38 41
with" 0.16183544050773513 39 42
isjust 0.161618201704119 106 114
aperfect 0.16097379713351856 26 28
becausethis 0.15850775977901677 13 14
tryto 0.1585077397833352 69 74
specialeffects 0.15850773978333432 139 149
,000 0.15850772645288025 41 44
inall 0.15733742692716923 56 60
isthat 0.15695615591214818 257 275
,have 0.15620623181959026 28 30
usedto 0.15547278342032556 43 46
butthe 0.15516883281058202 279 298
somuch 0.1546541520330198 103 110
isnothing 0.15405337166001587 44 47
themovie's 0.15405336277096993 74 79
makesan 0.154053349437401 14 15
wouldbe 0.15341859837753002 196 209
," 0.15271677916883153 888 946
knowthat 0.1526937419964316 45 48
itmakes 0.15203523559807053 30 32
ofthose 0.15203521398805897 92 98
aroundthe 0.1510727192435528 62 66
ofcourse 0.15066928342297992 221 235
notgoing 0.1501394725161358 15 16
thistime 0.15013943996287615 79 84
itand 0.14835532441063215 32 34
theaudience 0.1483552880548462 230 244
abouttheir 0.14667328448876482 16 17
(which 0.145867759254239 68 72
andwhat 0.14560430058051033 51 54
onescene 0.14508469639086563 34 36
ifthey 0.14457464066167347 52 55
shewas 0.1435821132652464 53 56
ofwork 0.14358204243796102 17 18
afew 0.1419613373655002 259 273
alongthe 0.1417006125395126 55 58
upwith 0.1412505474664547 112 118
theircharacters 0.14080813503870537 18 19
andyou 0.13994568252177686 57 60
backin 0.13952523904660907 38 40
ifshe 0.13830502246797494 19 20
scenes. 0.13714282621041463 40 42
butby 0.1360348318175415 20 21
thatthe 0.13552509667257073 445 466
movieand 0.13497722749263374 42 44
it'snot 0.13429846396241008 130 136
girl, 0.13396654031301303 21 22
toomuch 0.13299992615443124 89 93
theyhave 0.13253221695974027 90 94
pointof 0.13207452444530077 45 47
say, 0.13118753418583395 46 48
isset 0.13033686534610567 23 24
there. 0.12952023718839634 48 50
thecamera 0.12925517046063462 73 76
up. 0.12873557611748332 74 77
;it's 0.1287355478095158 24 25
asequel 0.12725522396555888 25 26
ican't 0.1265561035783236 52 54
whenthe 0.1264584327512317 185 192
theycan 0.12523297271193456 54 56
butto 0.12460614925973879 27 28
ona 0.12400105333098654 284 294
(who 0.12400103368610438 56 58
itturns 0.12341643652021617 28 29
andan 0.12285124752635923 58 60
for. 0.12230467692621261 29 30
itmight 0.12126352360430737 30 31
intoa 0.12126350775741912 216 223
(the 0.120865389519909 156 161
back. 0.12028653446151871 31 32
theman 0.11982017300499592 64 66
thesetwo 0.11936781119843864 32 33
moments, 0.11850235876594617 33 34
restof 0.11748873154025574 140 144
ididn't 0.11729438452449514 70 72
seemsto 0.11647068437237973 182 187
theend 0.1161831779280984 258 265
believethat 0.11549034838521877 37 38
geta 0.11515724843693675 76 78
thatyou 0.11483264674651394 77 79
well, 0.11470512593363935 195 200
offthe 0.11451616138984377 78 80
havea 0.11420742926783323 159 163
notthe 0.11361240817065443 81 83
wedon't 0.11304527300568878 41 42
forone 0.112504332857295 42 43
area 0.11198770778833911 87 89
itdoesn't 0.11173800675848433 88 90
toput 0.11149368304711871 44 45
thereis 0.11088969124185866 323 330
afterall 0.10931752758565594 49 50
itin 0.10893291831773055 50 51
isno 0.10838336331341303 104 106
example, 0.10820702696337392 52 53
therest 0.10797687908250886 160 163
later, 0.10786396860991943 53 54
,however 0.1078639650761044 161 164
all, 0.10769716400630003 108 110
ifyou 0.10698255284447367 226 230
turnsout 0.10604412762839921 59 60
filmhas 0.10478234657968954 64 65
time, 0.10422100619245889 134 136
asi 0.10369947925363121 69 70
tothis 0.10258692138743797 75 76
,there's 0.10225384266882998 77 78
theacting 0.10209362006048295 78 79
andi 0.10193737829709892 159 161
thecharacters 0.09886069536565678 212 214
thefact 0.09689495346126709 134 135
bethe 0.09658201091751462 140 141
playedby 0.09511709723676898 177 178
outof 0.09208235399998888 388 389
" 0.09186507336016181 424 425
whileothers 0.08951490495513603 5 5
iwas 0.08951489809387159 203 203
tolook 0.0895148980938707 50 50
you, 0.08951489199496976 53 53
foran 0.08951488653805839 56 56
makethe 0.08951488162683852 59 59
onto 0.08951487314382156 32 32
timethe 0.08951486616019189 24 24
twists, 0.08951486607464076 8 8
film( 0.08951486009302734 38 38
pain, 0.08951485781948954 6 6
makethis 0.08951485496592859 20 20
madea 0.08951485109311896 30 30
goesto 0.08951485052244479 44 44
theworld's 0.08951484555375266 16 16
asyour 0.08951483696773899 4 4
mother( 0.0895148358324036 22 22
insteadof 0.08951483292309348 97 97
yourhead 0.08951483034947039 12 12
hadto 0.0895148280566076 54 54
ofsuch 0.08951482600093819 28 28
amyriad 0.08951482246775555 3 3
bemore 0.08951481954026086 34 34
goodand 0.08951481707500264 18 18
firstfilm 0.08951481497051361 40 40
thesuspense 0.08951481315300036 10 10
wasa 0.08295741604735074 152 151
togo 0.08160969697647857 126 125
afilm 0.08141762676303621 247 245
and" 0.08135151276209651 122 121
)is 0.08100414978501469 235 233
?" 0.07946451272493604 99 98
itseems 0.0784650136522469 90 89
theactors 0.07821525718420652 88 87
lotof 0.07795395089606405 173 171
thatare 0.07693603289005502 79 78
ofthem 0.0762696352319363 151 149
:the 0.07618132014758228 150 148
outthe 0.07609181957173305 74 73
ata 0.0757215428770861 145 143
mr. 0.07401063458592638 129 127
weget 0.07376651882662522 63 62
somany 0.07351450831329487 62 61
forhim 0.07298557814590367 60 59
insome 0.07181527896608131 56 55
notto 0.0691060473817533 98 96
character, 0.06889561537196265 97 95
bea 0.06854967738848305 240 235
wayto 0.0684614594495514 95 93
likeit 0.06800862802180596 46 45
he'sa 0.06704195588710604 44 43
hehad 0.06652525434114764 43 42
tofind 0.06634776118283625 130 127
thatone 0.06541726176578777 41 40
andshe 0.06482222267041848 40 39
thefirst 0.06440893080145482 362 353
andnot 0.06419705031425238 79 77
of" 0.0628465945318597 189 184
scenesin 0.0628465918394685 37 36
fora 0.06225173156906205 408 397
seemslike 0.06211588978487903 36 35
all. 0.06094149472581023 70 68
ms. 0.05966190749913558 33 32
one. 0.0590557103971836 99 96
heand 0.0587431611500584 32 31
managedto 0.05672505579374487 30 29
thisfilm 0.05656295996782745 616 596
,all 0.05636268353584839 91 88
his" 0.055613271107560536 29 28
toan 0.05502870713724839 58 56
thesepeople 0.054423534560688935 28 27
one, 0.054008144399155356 85 82
througha 0.053147244121189985 55 53
ihave 0.053147186204079766 139 134
,too 0.05247358623206644 54 52
side, 0.05177449837888126 26 25
aftera 0.05129362331647158 79 76
myopinion 0.05029414870014648 25 24
thefollowing 0.04869290576922225 24 23
)are 0.047842169866378015 48 46
kindof 0.04740336335528372 193 185
seehim 0.04695521634223887 23 22
is. 0.04602979549713204 93 89
aboutthe 0.045241989603221455 253 242
instance, 0.04506310867239094 22 21
)to 0.04506310688472048 68 65
course, 0.045063073131146325 160 153
wheni 0.04439440911504988 67 64
thereal 0.044052397075253324 89 85
areall 0.042994857508928064 65 62
whilewatching 0.04299483630138745 21 20
ratherthan 0.042447321249778014 86 82
muchof 0.04119629978472794 105 100
adaptationof 0.04072466946569264 20 19
sucha 0.04003480827498862 144 137
). 0.038993629793877105 953 906
toour 0.03822151900403625 19 18
aswe 0.03687110354727707 38 36
likethe 0.03581069429732331 152 144
leavethe 0.03544764071168238 18 17
ofthis 0.03413738944180533 296 280
,like 0.033944989281838645 110 104
upon 0.03394496406206038 36 34
directedby 0.033161928458291356 72 68
(" 0.032356478155021406 107 101
hisdaughter 0.03235642713962861 17 16
ofits 0.031407204053961024 123 116
anda 0.03134423799624653 406 383
hardto 0.03101862469486072 87 82
whatit 0.03009140586030945 51 48
ofan 0.029922783653409724 120 113
orthe 0.029795608500634785 68 64
todestroy 0.028890195505372418 16 15
adifferent 0.026994488638869996 32 30
youdon't 0.026335926759065487 48 45
hasa 0.025889156673266633 291 273
newyork 0.025663450518468522 96 90
.a 0.02497638381756495 47 44
becausehis 0.024976354657193056 15 14
ina 0.02411754820526557 931 872
minutes, 0.023556900861793295 46 43
inmy 0.023265427799380234 77 72
that, 0.02306975586178517 139 130
butin 0.02282344527446689 61 57
forthis 0.02250416481632378 107 100
script, 0.022073549860538222 45 42
thereare 0.02192155843462018 305 285
notreally 0.020521979667311285 29 27
cometo 0.019310562481921423 58 54
ofa 0.01898960316603393 792 738
theback 0.018055920862389385 28 26
thenew 0.0175413155103179 71 66
tosay 0.01660809064664104 127 118
versionof 0.016489732154976622 70 65
,they 0.01626443780244724 268 249
homewith 0.015406850505101488 13 12
,etc 0.01352890470671575 40 37
scenes, 0.013141891864242083 67 62
itlooks 0.012553816729557354 26 24
isto 0.012553816729555578 107 99
filmthat 0.011956610008207136 133 123
allof 0.011956554629907856 200 185
,for 0.011397052444807265 172 159
(and 0.010924546625214582 171 158
)and 0.00969252035755197 377 348
makeus 0.009472188309176843 12 11
towatch 0.009472166775364776 129 119
isabout 0.009472152419490953 77 71
", 0.009472138063616242 194 179
throughthe 0.008389292178149432 153 141
a. 0.008169207417688895 63 58
awhole 0.007836830771852377 50 46
infact 0.007836794178447626 152 140
ofsome 0.007276714988863731 37 34
havedone 0.006133217156325088 24 22
allthe 0.005677081487878155 285 262
thisis 0.0051274500295352965 518 476
otherhand 0.0043570942343915675 48 44
scenein 0.003992676186376443 60 55
partof 0.003859385678125271 133 122
wellenough 0.002503489182226204 11 10
picture, 0.0025034890850115232 35 32
mostof 0.002503463294301511 215 197
inaddition -9.73437203128924E-5 34 31
butis -0.0014568681792219706 45 41
day. -0.0028584770058159847 33 30
thetheater -0.003575614164647689 44 40
night, -0.005795306660504096 32 29
canhave -0.005795349198848498 10 9
thescene -0.005795367535220919 76 69
,but -0.006252026330203719 2189 1989
hewas -0.008677157307414696 138 125
thanthat -0.008925255862084924 31 28
thebeginning -0.009857660779443833 73 66
playedwith -0.010568648498010091 20 18
moments. -0.012267846165782359 30 27
acrossthe -0.013139320528818388 40 36
thathe's -0.013669412335460152 50 45
themto -0.014025860896973441 60 54
whowas -0.01584561536834883 49 44
experience. -0.015845634030988265 29 26
abuilding -0.015845657359284004 9 8
thebig -0.016707396982287293 128 115
thana -0.01686558216641032 108 97
thecast -0.017094905167642338 88 79
filmwas -0.017253140275988343 78 70
itall -0.017457277620231082 68 61
tosee -0.01852663809489563 331 297
butas -0.018698773303327698 38 34
,that -0.018965750030115025 213 191
,was -0.019119026303629383 67 60
is, -0.020351635548416347 172 154
andhow -0.020486069629626513 47 42
"the -0.020908988140305063 439 393
scenewhere -0.021710748572166594 56 50
,yes -0.021710798223329775 18 16
backto -0.023425588346650983 102 91
violence, -0.02381383114422242 27 24
work, -0.023813831144224196 55 49
whohas -0.024895487204751987 147 131
totheir -0.02555446137936279 45 40
comesto -0.025998066663593278 54 48
fromthe -0.027419628987459532 588 523
thedead -0.02826814366141228 26 23
totell -0.028268188945606454 62 55
nothave -0.028268206464742818 44 39
wherethe -0.028268217270140283 116 103
their" -0.02826822290875164 8 7
thatshe -0.02954451628488819 97 86
inone -0.029831923368732305 79 70
inthe -0.030708861249574504 2409 2136
thelatter -0.031113135852335105 43 38
whoare -0.031437799989358695 78 69
alot -0.03160071383650287 262 232
inon -0.031846016231501295 34 30
butit's -0.031846017094208534 104 92
,you -0.03246364956480363 208 184
whatthey -0.03308750030371854 51 45
towin -0.03308750030372032 25 22
,the -0.033557529684573595 1942 1717
film. -0.03398995703928698 481 425
hima -0.034099147458256596 42 37
forthe -0.03436876644136255 780 689
lookingfor -0.03453779924057976 59 52
theydo -0.03564824486013407 50 44
isused -0.035648272305190076 16 14
actors, -0.03723687373354423 41 36
"in -0.03764033253066934 66 58
becauseit -0.037824512350097095 91 80
wildthings -0.03831851000368758 24 21
youcan -0.03896348456761878 140 123
andwhen -0.039696917179782076 65 57
,it's -0.03980994858198095 304 267
therole -0.04016298558883591 73 64
suchas -0.04053824889729185 122 107
writtenby -0.0411053592127999 48 42
lovewith -0.04151340999763242 56 49
itwould -0.04265695234528977 104 91
,of -0.0428366028264584 120 105
(8/10 -0.044016487669386706 23 20
partas -0.044016547302334175 7 6
also, -0.044016573984061225 55 48
saythat -0.044016583082102656 79 69
:a -0.04565997060763394 86 75
basedon -0.046151037030949915 133 116
hadthe -0.047060669189960436 46 40
interestedin -0.0476862865155212 38 33
hedid -0.04863545986408191 30 26
(for -0.05024705367945792 22 19
beforethe -0.050247072919605174 68 59
theseries -0.0510671027215146 60 52
long, -0.05156373627794686 37 32
awhile -0.05213569730590528 52 45
thatthis -0.05245541954469335 135 117
seethis -0.053585993118229425 44 38
(that -0.05358602764707676 14 12
tostay -0.05566719919851337 36 31
thetitle -0.056196927972976596 58 50
thetime -0.057088601048053356 131 113
like" -0.057088601048054244 65 56
hislatest -0.05708866716255123 21 18
themusic -0.05812113949547282 50 43
froma -0.05840527177807964 159 137
thesame -0.058538245223124896 326 281
athome -0.05890515440302302 28 24
,where -0.05916834868961285 151 130
upthe -0.05969755784946962 100 86
,which -0.059816601160698646 482 415
duringa -0.06001689541994004 35 30
iwould -0.06076737269379073 85 73
action, -0.061308068815540295 49 42
andthat -0.06171615283746945 113 97
theentire -0.061884831232955406 120 103
up, -0.06203508438568406 63 54
doctor. -0.06463579153519206 6 5
decidesto -0.064635802643906 62 53
filmsare -0.06463581153087539 34 29
jurassicpark -0.06463582486133035 20 17
them, -0.06463582998842732 90 77
), -0.0649687757981896 1501 1286
managesto -0.06623965260027376 103 88
,because -0.06664589902102236 165 141
hecan -0.06870919737942316 81 69
isnot -0.0690443760631636 340 290
,he's -0.06909022053944547 74 63
beginningof -0.06954988282446806 33 28
"is -0.06976139838887274 325 277
.and -0.07082783227430944 26 22
asa -0.07158575787192145 745 634
andwe -0.07175326149005556 46 39
bythe -0.07180430526257275 489 416
downthe -0.07300409629429616 39 33
andthat's -0.0741145298305792 52 44
whenyou -0.07478820862003133 65 55
makesa -0.07753922457013829 38 32
feelthe -0.07753922746373298 12 10
byher -0.08038416100063372 31 26
thatit -0.08038417559006561 223 188
,though -0.08038421641828375 159 134
andis -0.08154959446985366 158 133
again, -0.08163340497440963 88 74
becausehe -0.08233537038860028 56 47
5/10) -0.08233544827171002 18 15
thesecond -0.08414868343888315 68 57
withthat -0.08483848685530049 24 20
wasthe -0.08483855800658979 124 104
audience. -0.08568923704077669 55 46
offa -0.0863758534801704 30 25
be. -0.08694156669274022 67 56
;it -0.08741587170970178 36 30
chanceto -0.08816632382157685 42 35
itwas -0.08825681143526776 306 256
hehas -0.08999379370663352 212 177
time. -0.09153363553776828 156 130
bya -0.09177098818736518 192 160
amemorable -0.09280667316962266 5 4
thefilm's -0.0928066882186771 227 189
inreal -0.09280669071931413 17 14
onits -0.09280670929640067 29 24
"a -0.09491417615220676 94 78
fact, -0.0957522114763476 135 112
,we -0.09579626183765111 200 166
oftheir -0.09658742089516181 158 131
,well -0.09658742446591795 52 43
atthe -0.09764596434860273 579 480
theywere -0.09769671059161666 81 67
howmuch -0.09853742205015337 34 28
onthe -0.0986817377825524 955 791
asfar -0.09972711479399265 28 23
doesnot -0.10117495472986615 143 118
comingfrom -0.10154037164316065 22 18
creditfor -0.10464117426471731 16 13
story, -0.10527349319901802 112 92
theone -0.10597716580302396 106 87
rolein -0.10622974966397969 44 36
asit -0.1066000139168688 145 119
inother -0.10719548014808922 27 22
andin -0.1076531587280094 94 77
other, -0.10831093656390145 38 31
good, -0.10866212411477605 88 72
aresome -0.10893608005544131 49 40
thekind -0.10933601277733729 60 49
theway -0.1098179793962073 248 203
eventhough -0.11115579404160592 98 80
isactually -0.11115580535229519 54 44
itreally -0.11115582231833088 32 26
,this -0.111155834436925 307 251
suggestthat -0.11115584352587149 10 8
andeven -0.11212249671706331 114 93
buthe -0.1122247868204429 103 84
goto -0.11272205816862702 70 57
u. -0.11300945213623947 59 48
in. -0.11342596275279604 48 39
witha -0.11398754542624712 667 544
hecould -0.11408412078289842 37 30
isgoing -0.11458051409205439 64 52
toits -0.11527955943432211 53 43
relationshipwith -0.1163372495443955 42 34
canbe -0.11709944234844727 149 121
from? -0.11812455461672222 15 12
movies, -0.11902989771127181 84 68
thefilm -0.1190788936170808 1773 1439
character. -0.12020566700907587 73 59
whois -0.1207805602995764 231 187
theair -0.1217942637963425 20 16
andthe -0.12217389850578897 1084 877
hedoesn't -0.12265971134806719 67 54
thoughthe -0.1230465794537583 46 37
theyare -0.12314739726267288 260 210
hasthe -0.12357833537096674 98 79
takea -0.12405920431534412 51 41
smalltown -0.1240592043153459 25 20
whilethe -0.1251421095353198 87 70
onhis -0.1252604192327098 118 95
,john -0.1255965351294943 30 24
it, -0.12577669637207212 221 178
evenmore -0.12619370094899196 66 53
ago, -0.1267083012385921 35 28
seeit -0.12715620330698307 76 61
himself. -0.12754964864623375 40 32
,it -0.12770400018779426 588 473
arethe -0.12800543720211 132 106
inlove -0.1282085968786948 91 73
(in -0.12873870954722655 50 40
onlya -0.12917431267276314 55 44
,who -0.13032045106069567 678 544
)- -0.13034467008071182 75 60
withhis -0.13041504596655518 232 186
here, -0.13115646298801664 100 80
andfinally -0.1336286696873703 14 11
somethingof -0.13362867235553644 24 19
though, -0.13362869003822553 94 75
other. -0.1336287007917658 44 35
theevil -0.13362871349040262 34 27
sincethe -0.1336287424985514 64 51
thatthey -0.13362874461944863 144 115
favorite, -0.1336287463426764 4 3
butit -0.13472098552660228 228 182
and, -0.1362227623209158 192 153
thecharacter -0.13644166550411363 88 70
intothe -0.13660937542565144 335 267
thepicture -0.13701281424858003 73 58
toa -0.13715603904061524 354 282
thenext -0.13826911824617483 107 85
sure, -0.13932676924869014 43 34
howthe -0.14005960907508985 38 30
withthe -0.140788588509559 840 667
byhis -0.14100878796301686 67 53
orderto -0.14139067505892555 96 76
tome -0.14159687790932018 62 49
finda -0.14228680340688982 28 22
thestory -0.14326872619098285 442 350
butwe -0.1440999911333254 23 18
motionpicture -0.145324762756589 42 33
inorder -0.14560486796344208 104 82
muchmore -0.14605126720524453 80 63
hischaracter -0.1462074764332204 99 78
totake -0.14639091781687164 137 108
inmovies -0.14687391608227252 18 14
thatis -0.14711208740601833 279 220
andher -0.1476149668012141 89 70
andwill -0.14889621593441937 32 25
inan -0.14915961349684448 145 114
,much -0.14971480468929244 46 36
hiswife -0.15076493652915168 102 80
thelocal -0.1516472018509596 41 32
summermovie -0.15164720730810188 13 10
ofthe -0.15171805875319144 3848 3023
ofhow -0.15410727752835385 36 28
thatway -0.1556075480064809 22 17
hemeets -0.15734523626604613 31 24
performance, -0.15894645900902304 49 38
inthat -0.15970095317260835 67 52
inwhich -0.16094453284942567 166 129
thebasic -0.16179953628593502 26 20
issurprisingly -0.16179959267884136 17 13
onceagain -0.16179962651458446 44 34
funny, -0.16368106332177668 75 58
toplay -0.16393409456508046 66 51
theship -0.16426563593156374 57 44
ofher -0.164550587456759 155 120
someof -0.16461572243274425 253 196
itwill -0.16471928071649877 48 37
toher -0.16501501391346096 88 68
alongwith -0.1653774188538648 79 61
fromtheir -0.16641849552046395 30 23
characters, -0.16678089212093106 114 88
story. -0.16739558970130197 127 98
afriend -0.16831428246088365 21 16
nomatter -0.17076821636885953 47 36
itto -0.17184988600680384 99 76
isin -0.1720560336723267 125 96
appearsin -0.17284938981558184 12 9
becausethey -0.17284940437446394 38 29
ofwhat -0.17284942414787707 64 49
easyto -0.1751777008112061 42 32
himto -0.17543895570344503 115 88
andthey -0.17618831521056144 89 68
theeffects -0.17618835830026747 29 22
toknow -0.17675314584586133 76 58
theother -0.17688981335054166 247 189
afterthe -0.17736409578134626 110 84
hasbeen -0.17746253594980388 238 182
fortheir -0.17874908850080828 50 38
usethe -0.17874918157910535 16 12
,has -0.17937473005925852 122 93
,played -0.1804047314288848 92 70
sex, -0.1807755266015505 37 28
,a -0.18126921734738133 977 745
screen. -0.18241883830028804 62 47
,looking -0.18241891384472275 20 15
touse -0.18377847372929956 45 34
mymind -0.18492199031923917 24 18
ofthese -0.18542819389326404 103 78
however, -0.18571378956155193 398 302
tocreate -0.18589712948607584 53 40
iliked -0.18673853056690248 28 21
itself. -0.18811689758374328 32 24
s. -0.1896565516139681 77 58
takethe -0.1900700331511853 40 30
firsttime -0.19078713972677797 44 33
,their -0.1918975868177668 52 39
isas -0.1927176617812023 60 45
,on -0.19384760912563515 76 57
it'sa -0.19399186587583817 238 179
tokeep -0.19458939114225515 92 69
thefront -0.19816716749664565 11 8
worldis -0.1981671841597148 27 20
thatopens -0.19816719665701577 3 2
day, -0.1981672018029652 67 50
makinga -0.19816720637714091 35 26
about" -0.1981672141532389 19 14
morethan -0.19816724888228077 247 185
withan -0.20107002579624123 114 85
films, -0.2014086915097799 102 76
;the -0.2023955782999991 78 58
movies. -0.2026215903095352 74 55
behindthe -0.20424627003938767 54 40
film, -0.20449814023000634 580 432
isone -0.20528468153989898 187 139
butnot -0.20594941280496926 85 63
before. -0.20773672080479066 34 25
whenhe -0.20819741897029242 166 123
son, -0.2089781841333611 30 22
himselfin -0.21058972178617097 26 19
filmis -0.21235191531539765 425 314
intime -0.21276598694149307 22 16
peoplewho -0.21367138453884493 64 47
,will -0.21416758635591115 41 30
watchthis -0.21586681804179975 18 13
upto -0.21707138889595967 177 130
cast, -0.21721537347125341 52 38
tofollow -0.21796986322842926 33 24
withhim -0.21796986322843104 67 49
offilm -0.21878645707981903 48 35
overthe -0.21895799902635904 161 118
sheis -0.21949004157977203 157 115
justas -0.21949004157977292 78 57
hisbest -0.22064007778139505 44 32
aremany -0.22064008546028013 14 10
isthe -0.2214701034753368 766 561
characters. -0.22154054751661434 100 73
theending -0.2219213569232643 70 51
thealiens -0.22414270777928458 25 18
-and -0.22556618266690265 36 26
itis -0.22665214970522563 818 596
ithas -0.22784297461964975 113 82
thanthe -0.22893885797471203 131 95
herlife -0.22893885797471292 32 23
intheir -0.2289388623394828 109 79
liamneeson -0.2289389325092639 10 7
,one -0.2299159500188317 127 92
storyis -0.23025548082034142 94 68
isa -0.230957039475288 1363 989
away. -0.23206882467251688 39 28
,not -0.23295334354562325 155 112
anything, -0.2332585074185154 28 20
ismore -0.23325853959547693 86 62
hewants -0.2342721947520907 46 33
twomen -0.2359075999932294 17 12
filledwith -0.23716938894121498 60 43
abrief -0.23898916668255943 24 17
,as -0.23937376949282552 577 415
thesituation -0.24072688526991293 31 22
justa -0.24114902105774938 102 73
,and -0.24160255368297534 4171 2995
forhis -0.24160262396660492 148 106
andsome -0.24184230633399117 77 55
thetruth -0.24261892499611015 45 32
her. -0.24292509570743803 98 70
,in -0.24425826384396299 369 264
basisfor -0.24695736965995074 6 4
sogood -0.24695738165528525 20 14
performanceis -0.24695738280263768 48 34
,along -0.24695740245411457 34 24
tothe -0.24823210488995695 1255 895
wife, -0.24999230348029755 65 46
role. -0.2514117897751582 44 31
reallife -0.2522344317400993 37 26
whatis -0.25297543269200773 99 70
bothof -0.2534299112933738 30 21
yousee -0.2542566489929694 54 38
makeyou -0.2553256064316578 23 16
beginto -0.2567614389698374 40 28
,his -0.2572007905207965 156 110
takesplace -0.2573561006186562 57 40
itsown -0.25879179617434467 50 35
marriedto -0.2587918236193989 16 11
withinthe -0.2606876050204523 43 30
andthere -0.26114203857259 70 49
andwould -0.2618830397498737 26 18
shehas -0.26330657628299114 73 51
whichthe -0.2641251328067078 46 32
,is -0.2671600290372611 549 384
takeon -0.26716006231189304 29 20
couldnot -0.26716011611276613 19 13
end. -0.2671601452939534 69 48
ofhis -0.2674559507928098 482 337
,while -0.26888280032480694 165 115
acharacter -0.2694302540731979 62 43
thelast -0.2696992648089953 168 117
totry -0.2714985465876101 32 22
well. -0.27185494829792667 121 84
there'salso -0.2733906369898733 22 15
but, -0.27512822159293826 107 74
imust -0.2751282816425533 35 24
filmsof -0.2759448960148312 48 33
andit -0.27641940031898127 185 128
oneof -0.27677910067492206 775 537
onethat -0.27820988414260306 51 35
mikemyers -0.27820988414260484 12 8
alittle -0.2794498477421197 268 185
themoney -0.28023218030318553 54 37
along -0.2808589921745632 83 57
andone -0.281344781412427 70 48
beginningto -0.28204869291875134 28 19
wasnot -0.2851785444862749 47 32
thetale -0.2851786124299256 15 10
thethree -0.2869627218971633 50 34
him, -0.2871713098180422 136 93
yet, -0.2877793628450842 34 23
picture. -0.28855126498540784 53 36
inhis -0.2886448045774044 288 197
theperformances -0.2899747351668456 56 38
forkids -0.2899748253561878 18 12
to" -0.2924198128850506 62 42
violence. -0.2934774003198264 21 14
way. -0.2955413327243104 96 65
saidthat -0.2961476056175716 24 16
subjectmatter -0.2982506876236535 27 18
forher -0.29885585100441325 86 58
films. -0.29994985804395924 92 62
entirefilm -0.2999498881449867 30 20
aswell -0.29994996167210974 216 146
thefinal -0.3009123802623126 98 66
outfor -0.30135151223229606 33 22
butfor -0.30252725793231505 36 24
eachother -0.3025272579323177 147 99
,an -0.3032918837978471 156 105
starsas -0.3035277298110657 39 26
dealwith -0.30438949113480973 42 28
butthen -0.30579783406944827 48 32
duringthe -0.3057979238675035 146 98
andits -0.3063808098654217 51 34
thathe -0.3073664726251186 289 194
themost -0.31158341157641267 456 305
whichis -0.31166760994421683 232 155
maybe -0.312197905157368 132 88
whereshe -0.31595021611319396 26 17
ashis -0.3159502351093568 50 33
pain. -0.31595024203352295 8 5
-but -0.315950247812129 14 9
payfor -0.31595025648003805 11 7
ahigh -0.31595027374762275 32 21
tojoin -0.3159502836148125 20 13
original, -0.3159503136483792 38 25
hisown -0.3194528900037241 142 94
becauseof -0.320057009963703 121 80
itdoes -0.32106533245353397 97 64
withher -0.322594822486292 150 99
amountof -0.3244609145676556 58 38
who, -0.3249189128591876 55 36
charactersin -0.32600054367218867 49 32
acting, -0.32664551731165936 46 30
(although -0.32737901083910437 43 28
isan -0.3279264425313366 251 165
whoalso -0.3291955070055117 37 24
,he -0.3297435652310785 583 383
job, -0.3316985892815385 31 20
andhe -0.3326451759215461 150 98
againstthe -0.3333420108824541 57 37
especiallywhen -0.335368323077617 25 16
asingle -0.33656954606321143 48 31
seethe -0.3373643415654364 117 76
brother, -0.3379291048004358 22 14
returnto -0.339480782575059 42 27
withtheir -0.3400478241249516 62 40
,including -0.34126804205627437 99 64
atruly -0.3412681234271542 19 12
thecity -0.34261849171259584 56 36
realizethat -0.3433492183232847 36 23
andhis -0.3438590373789143 326 211
placein -0.3441211418360126 53 34
plentyof -0.3458031731639739 50 32
theplane -0.3458032393923087 16 10
startsto -0.34874007364522264 30 19
willbe -0.3487401045043228 154 99
hedoes -0.35231784970434177 97 62
asweet -0.35231786398697373 13 8
awoman -0.3523178839826553 69 44
love. -0.352317897313112 41 26
theidea -0.35441652007980196 52 33
arather -0.35517099529770313 38 24
?? -0.3557961824816793 63 40
fromhis -0.3560702506761704 88 56
:it -0.35677225566595183 24 15
taleof -0.3585099306464201 35 22
hislife -0.35903387067294723 82 52
)in -0.35943531261103345 46 29
anew -0.3600102361179882 115 73
throughoutthe -0.36068614365101404 79 50
hisson -0.36247025059923565 32 20
role, -0.36247028238932444 54 34
andeventually -0.3624703022793536 21 13
amajor -0.3659607377244747 40 25
,even -0.3663811098870511 182 115
avery -0.36696802140714 190 120
itself, -0.3672435657758317 29 18
showup -0.37001746739648134 18 11
asthe -0.3701259196626383 767 484
"scream -0.3718307153197138 45 28
hewould -0.3731086550482061 26 16
starshiptroopers -0.37584839627335853 42 26
sideof -0.37657488515773707 50 31
tobecome -0.37710467111340584 58 36
thepeople -0.37750812922989674 66 41
tohis -0.3784705911925714 197 123
,giving -0.38048872429060054 23 14
rememberthat -0.38048877478177445 7 4
whathe -0.38048880507647986 79 49
thebook -0.38377286925676657 60 37
people, -0.38426945813441904 52 32
buta -0.3865678437993765 65 40
thekids -0.38740918724577433 28 17
;he -0.3900582909292005 41 25
end, -0.39085151252863604 96 59
thedog -0.39232321624392164 33 20
,these -0.39599295568867277 38 23
)as -0.39599297312599546 51 31
version, -0.39599297312599724 12 7
andall -0.39778033742984675 69 42
isquite -0.39883791597765317 43 26
thetwo -0.3989854367307295 250 153
aman -0.39906519193748036 162 99
performancesare -0.40003339160892537 30 18
takesa -0.4011080138737739 48 29
abit -0.4024423031100337 174 106
,with -0.4027179123147384 372 227
times. -0.4029615931028232 53 32
leadto -0.4029616578064328 17 10
acomic -0.40692200675996304 22 13
haveseen -0.4083235576689255 50 30
dealswith -0.4094763029219859 27 16
forthose -0.4112604360994716 65 39
tolife -0.4125771560093785 37 22
aresult -0.4143903348098785 47 28
oneday -0.415580112968593 57 34
makesthe -0.41642080944406246 67 40
isdefinitely -0.4213107234765143 24 14
leads, -0.421310742139152 14 8
years, -0.4213107493170902 64 38
seethat -0.42131075546960695 34 20
tocome -0.42131076080178786 74 44
aswith -0.4213107654674477 19 11
attimes -0.4213107695842062 84 50
asthey -0.4244309114652882 106 63
ofhumor -0.42927897257852443 41 24
ofviolence -0.43373330509658636 26 15
thevery -0.4354953915880806 70 41
itagain -0.43657830959374166 21 12
theworld -0.43693608783691396 214 126
amongthe -0.4385526443015699 38 22
butalso -0.439329240976603 55 32
,to -0.44059266346175896 191 112
muchas -0.44111335296829957 50 29
sleepyhollow -0.4411134017441576 16 9
to, -0.4445676261807865 28 16
filmwith -0.4467898426393706 52 30
hasonly -0.4494816262501278 11 6
thecrew -0.4494816346580457 35 20
andfor -0.44948166786197064 59 34
manwho -0.4520824456498982 109 63
reallyis -0.45410056797224563 30 17
dueto -0.4547867318356005 80 46
isprobably -0.4552123339957923 49 28
havetheir -0.45702888316939116 18 10
beingthe -0.459051166859636 44 25
wesee -0.45984441448816327 96 55
withits -0.46053144093655796 51 29
areboth -0.46053144093655973 25 14
men, -0.46255375406317434 32 18
him. -0.4638703230564909 199 114
aremore -0.4638704540803449 39 22
thegame -0.46548197760777477 53 30
,from -0.4660109713429055 60 34
wellas -0.4678307492910285 109 62
thatmakes -0.4701009107520697 62 35
onscreen -0.47010091583330116 48 27
somevery -0.47010093296949407 20 11
thesoundtrack -0.4701009409698429 34 19
commentarytrack -0.47010095297036614 6 3
andit's -0.4701010037298339 90 51
agreat -0.473954557634916 194 110
,despite -0.47501496348757755 50 28
bestof -0.47579899124306557 43 24
thewedding -0.4768806109478074 36 20
actuallya -0.47846918107416414 29 16
itmay -0.4795796379387447 52 29
andwas -0.4810300140743511 22 12
keepthe -0.4830043714615826 38 21
abilityto -0.4858492399484273 47 26
viewof -0.48584926910879744 15 8
filmand -0.4858492866050188 79 44
away -0.48780053182377436 56 31
tohim -0.4892219792987085 65 36
watchit -0.49030362543604156 24 13
jobof -0.4924067197078603 33 18
asmuch -0.49363143192974057 85 47
verygood -0.4957433981476136 78 43
herfather -0.49827177290714886 26 14
longtime -0.49827182015828164 35 19
everseen -0.5018496254815545 55 30
findshimself -0.5051922762291667 28 15
ayoung -0.5074884289632777 108 59
thegeneral -0.5083221812403576 19 10
makesyou -0.5112590069072578 30 16
beginsto -0.5120651433558354 72 39
isnow -0.5126606215823912 41 22
,are -0.5137760207456079 116 63
thewar -0.5166209304264946 32 17
film'send -0.5166209516340352 10 5
asin -0.520250695723675 45 24
withthem -0.5213942589335456 34 18
andtheir -0.5235896068117682 71 38
dark, -0.5235896335645158 23 12
itwith -0.5256707964480434 36 19
asense -0.5266712391343411 49 26
filmtakes -0.529524342896087 25 13
ifnot -0.5295243483131955 38 20
towardsthe -0.5321733834264268 53 28
thehuman -0.533014795537678 40 21
waythe -0.5346394207809286 27 14
tolive -0.5390938088999295 44 23
backat -0.5390938311225444 14 7
away, -0.5430077080438096 31 16
asone -0.5447918561493132 65 34
asshe -0.5464738686261263 50 26
motherand -0.5464738960711806 16 8
cansee -0.5495651381219844 35 18
thegreat -0.5523389996343369 56 29
head, -0.55233904552124 18 9
storyof -0.5540353837357728 117 61
anyother -0.5548421580919705 39 20
smart, -0.5571123487424039 20 10
asgood -0.5591806402469324 43 22
idoubt -0.5610726561146446 22 11
fun. -0.5628103152138397 47 24
themall -0.5644116327504296 24 12
thoughi -0.5672646748666761 26 13
,although -0.569264693497642 142 73
theprocess -0.5697307440397292 28 14
hesays -0.571883656955638 30 15
amore -0.5728606460984267 63 32
actors. -0.5737793693615068 32 16
lovestory -0.5754614352968659 34 17
(david -0.5769641144117461 36 18
peopleare -0.5783145338134315 38 19
unitedstates -0.5806428477026504 42 21
thelittle -0.5816534975128267 44 22
,especially -0.5825789036329825 140 71
perhapsthe -0.5834296047970131 48 24
jackiechan -0.5842142622422148 50 25
upfor -0.5856138154199879 54 27
iswhat -0.5883648339802559 64 32
hisfreedom -0.6036322756048094 5 2
alsoa -0.6036322989331069 59 29
arealso -0.6036323143997535 49 24
manto -0.6036323144853046 17 8
evenif -0.6036323204669181 77 38
theblue -0.6036323227404559 13 6
together. -0.6036323255940168 41 20
senseof -0.6036323350061918 135 67
seen. -0.6036323350061927 33 16
ofentertainment -0.6036323435922064 9 4
herown -0.6036323447275418 45 22
theirrelationship -0.603632350210475 25 12
worldof -0.6036323545590072 57 28
doctor, -0.6036323580921898 7 3
thatmay -0.603632367406945 21 10
thosewho -0.6144432621404974 92 45
andas -0.6170553609882123 74 36
performance. -0.6196326722466505 62 30
(john -0.6213319015938641 56 27
isalso -0.6215432731147494 168 82
before, -0.6251385525381394 46 22
whichhas -0.6296078517771342 38 18
thegenre -0.6310312907750664 36 17
theprevious -0.632619874231878 34 16
thebest -0.6331330017591164 343 166
theright -0.6344039378061535 98 47
andyet -0.634404019409887 32 15
startto -0.6364221247662005 30 14
setin -0.6375339094523849 59 28
heis -0.6387236128318543 492 237
voiceof -0.6387236459992565 28 13
filmof -0.6399999364387554 55 26
turnsin -0.6413726821810641 26 12
andmost -0.6428530318597971 51 24
itscharacters -0.6444542747907231 24 11
sciencefiction -0.6468045103503517 70 33
sowell -0.6480840718875545 22 10
father, -0.650152344258558 43 20
performanceas -0.6508852184852074 64 30
seenin -0.6524224675460246 62 29
focuseson -0.6524225110942528 20 9
still, -0.6540632129333197 60 28
herhusband -0.6558180809946741 58 27
comedythat -0.657699539848263 18 8
directionis -0.6607907534203168 35 16
witheach -0.664256985054573 33 15
aspectsof -0.6681708259027523 31 14
hewill -0.6695902796981521 46 21
directing, -0.6726252008926341 14 6
home, -0.6726252015244523 44 20
ashe -0.6744013935842981 160 74
ofus -0.675091259697556 57 26
can'thelp -0.6777403300548439 27 12
life, -0.6836749922507668 103 47
theice -0.6836749922507686 12 5
himon -0.6906436913777192 23 10
healso -0.6946040487391674 45 20
alovely -0.6989425297587939 10 4
,some -0.6989425480951663 76 34
verywell -0.7020724364220303 63 28
indeed, -0.7054150267257278 30 13
castis -0.7068165928954055 50 22
theviewer -0.7074291603987319 70 31
atfirst -0.7089928379192294 79 35
maynot -0.7112629809608926 48 21
thanjust -0.7128316533136445 28 12
,yet -0.7155502874891013 84 37
issomething -0.716110256549765 46 20
hisfather -0.7169610117041678 55 24
itworks -0.7214153242213577 26 11
alienand -0.721415403468697 8 3
theperfect -0.727246328018202 42 18
action. -0.7287954528651355 33 14
themore -0.7314656891056277 74 32
mucha -0.731465690563633 24 10
thenovel -0.7371636682293321 47 20
themysterious -0.7371637278622796 15 6
newfilm -0.7433942342394033 22 9
adark -0.7467332082070222 29 12
isvery -0.7550320117929008 120 51
thegreatest -0.7577829578125055 48 20
notbeing -0.7577829720951375 13 5
listeningto -0.7577830054212757 20 8
martialarts -0.7661512768542416 39 16
otherfilms -0.7679353891799767 32 13
startrek -0.7706864051300837 77 32
differentfrom -0.7706864080236784 25 10
offto -0.772708704988391 44 18
thespirit -0.7754826288316554 18 7
useof -0.7795230340401158 61 25
anacademy -0.785953853729568 11 4
beone -0.7859538712792595 35 14
,perhaps -0.7897346050258633 52 21
love, -0.792874295353938 57 23
itspredecessor -0.7977883548246627 16 6
thanksto -0.8003426607080346 55 22
himas -0.8014581171238468 38 15
room, -0.8043030240858169 21 8
world, -0.8058692387285724 70 28
hasdone -0.8084267399942675 26 10
doesa -0.8094844301043409 85 34
andvery -0.8112717351766676 31 12
down, -0.8133528475690213 36 14
ispresented -0.8267758502473157 14 5
moreabout -0.8267758529154818 24 9
thedark -0.826775894050348 34 13
thirstfor -0.8267759269026218 4 1
whatmakes -0.8362545818774763 52 20
mother, -0.8400210966422179 37 14
abrilliant -0.8420433964943648 32 12
refusesto -0.8447943878680473 27 10
animpressive -0.8487547285664263 22 8
johngoodman -0.8549467732387868 17 6
niceto -0.8595656760804093 30 11
theoutside -0.8659965703755272 12 4
beseen -0.8659965849344093 38 14
andwhile -0.8718963621390508 33 12
america. -0.8755660944046681 20 7
firsthour -0.891314348056591 23 8
animage -0.8913143772169612 7 2
givesthe -0.8990965933649147 42 15
goodwill -0.9037369023461164 26 9
filmstarts -0.9090139986017451 18 6
theamerican -0.9119336376397644 48 17
thevoice -0.9137872660202255 29 10
ofhope -0.9220861130692093 10 3
anextremely -0.9321363472425048 24 8
isinvolved -0.9401045502198961 13 4
manyof -0.9401045633625831 97 34
ofwar -0.9465770918533192 30 10
wonderful, -0.9519390041793443 16 5
approachto -0.9603072966727115 19 6
whichwill -0.9665378175498187 22 7
andfunny -0.9713570647025502 25 8
theyfind -0.9751958734786967 28 9
shortof -0.978325792989871 31 10
see. -0.9809265434050296 34 11
family, -0.9831220059161332 37 12
afine -0.9866245808797718 43 14
funnyand -1.0090973966731394 26 8
satisfying. -1.0090974225934684 8 2
wagthe -1.0090974283720744 14 4
starwars -1.0090974312335792 80 26
forstrong -1.0090974370399834 5 1
thefamily -1.0090974543075681 65 21
exciting, -1.0090974641747579 20 6
thisyear -1.0256267318530092 60 19
themen -1.0326279631350044 42 13
theedge -1.041887254205168 30 9
theus -1.0454650445469191 27 8
family. -1.0475637006397474 52 16
age, -1.0499194362258972 24 7
isoften -1.055617482839299 21 6
small, -1.0631646479564267 18 5
trek: -1.0679379591779394 34 10
thegreen -1.0736359553417198 15 4
aclassic -1.0780903401051933 44 13
bug'slife -1.0805563678057197 28 8
ofhollywood's -1.0891401536859426 12 3
war, -1.0961088383663782 35 10
theirfirst -1.1000691873199084 22 6
great, -1.1144579226990974 29 8
theprogram -1.1144579460273931 9 2
bestperformance -1.1268804856565318 26 7
anormal -1.134260582304103 16 4
thefun -1.1426288068100732 23 6
evenbetter -1.147247748532191 30 8
thematrix -1.1536786214965034 51 14
theforce -1.1632481135294395 20 5
andtribulations -1.1632481335303115 6 1
youngman -1.176151552021528 38 10
friends. -1.1789964496687428 31 8
showsthat -1.191419000718227 17 4
side. -1.1983394567891121 28 7
scream2 -1.201469361800303 39 10
crispand -1.2097681321939806 10 2
createsa -1.2226715234560324 25 6
,whether -1.2322410116824898 29 7
col. -1.2454862260811854 18 4
showsus -1.25421983667459 22 5
thankfully, -1.2650308375155834 30 7
aworld -1.2686086158568113 34 8
thetradition -1.2967794561647548 11 2
schindler'slist -1.2967795033004013 27 6
sourceof -1.2967795241521518 19 4
thesimpsons -1.2967795386521352 7 1
actionand -1.3318708265592019 28 6
littlemermaid -1.3376014553506685 24 5
andgives -1.3455696916541982 20 4
deniro -1.3508467204082084 37 8
future. -1.3574041656145184 33 7
overall, -1.3691001906144447 42 9
(cameron -1.376822172810714 12 2
willhunting -1.3863917048402037 34 7
camerondiaz -1.3920897103187393 21 4
pulpfiction -1.3985622072856732 61 13
thesweet -1.414562504781303 26 5
portrayalof -1.4145625675846336 44 9
nirois -1.4145625840286424 8 1
forboth -1.4365414147993487 22 4
thejapanese -1.4509301526550828 27 5
doesso -1.4686298093916008 18 3
rushhour -1.4791010342895134 23 4
astwo -1.519923030807261 14 2
loveand -1.5199230746102934 34 6
,_the -1.5199231074625672 9 1
onlyproblem -1.5687132749646135 20 3
enjoyable, -1.5844615577769066 15 2
"beloved -1.6152332936291547 10 1
bestfilms -1.6332517307798415 27 4
makesus -1.6450861847392897 16 2
toystory -1.653454477232657 39 6
thesixth -1.659684998109764 22 3
everythingfrom -1.7022446031534137 17 2
shedeserves -1.7022446175999288 5 0
privateryan -1.7257751436949498 42 6
savingprivate -1.7350344347651134 30 4
alien3 -1.7430666167858426 24 3
? -1.7487646633992444 43 6
showis -1.7563118285163721 18 2
hisapartment -1.782287334245888 12 1
isgreat -1.7975547972193624 32 4
atad -1.8076051265873385 19 2
awonderfully -1.8563952940893849 20 2
rightis -1.856395314090257 6 0
boilerroom -1.902915312753926 21 2
jackiebrown -1.9119651575679342 36 4
redline -1.9253881922424352 14 1
thepolitical -1.9473670172345354 22 2
aplace -1.9899266367247002 23 2
thetruman -1.9899267047120972 39 4
fantastic. -1.9899267192120806 7 0
,jackie -2.030748635910614 24 2
peoplevs -2.0505513461744638 16 1
melgibson's -2.107709764588588 8 0
ourown -2.161776989951546 18 1
"lebowski -2.2130702880225126 9 0
theanimators -2.3083804741891 10 0
thempaa -2.3953917981598742 11 0
amagnificent -2.4754345148058334 12 0
fairytale -2.5131748467764226 26 1
lamotta -2.5495424946502023 13 0
mattdamon -2.584633817909003 28 1
obi-wankenobi -2.6185353728023806 14 0
thedude -2.683073899772026 31 1
shrek" -2.743698526734409 16 0
mulanis -2.8008569451485332 17 0
perfectfor -2.8549241705114916 18 0
isexcellent -2.906217468582458 19 0
run" -2.9550076360845043 20 0
story2 -3.1293609779057334 24 0
"chicken -3.168581695365779 25 0
drunkenmaster -3.311682553362326 29 0
blackcauldron -3.4069927416496686 32 0
