blackcauldron 3.4069927416496686 32 0
drunkenmaster 3.311682553362326 29 0
"chicken 3.168581695365779 25 0
story2 3.1293609779057334 24 0
run" 2.9550076360845043 20 0
isexcellent 2.906217468582458 19 0
perfectfor 2.8549241705114916 18 0
mulanis 2.8008569451485332 17 0
shrek" 2.743698526734409 16 0
thedude 2.683073899772026 31 1
obi-wankenobi 2.6185353728023806 14 0
mattdamon 2.584633817909003 28 1
lamotta 2.5495424946502023 13 0
fairytale 2.5131748467764226 26 1
amagnificent 2.4754345148058334 12 0
thempaa 2.3953917981598742 11 0
theanimators 2.3083804741891 10 0
"lebowski 2.2130702880225126 9 0
ourown 2.161776989951546 18 1
melgibson's 2.107709764588588 8 0