&nbsp; 4.167052290777361 0 58
.&nbsp 3.700432765378661 0 36
thismess 3.308390666533681 0 24
mars" 3.267568706142711 0 23
&robin 3.0852471280179525 0 19
thisturkey 3.03395381005425 0 18
"8mm 2.9798866336909295 0 17
tombraider 2.9227281947559174 0 16
godzilla. 2.862103544707537 0 15
.freeze 2.7975650768969746 0 14
joeeszterhas 2.7285721749374474 0 13
knockoff 2.692204561239148 1 26
anyway? 2.6544641676230594 0 12
ofmars 2.6152434859737355 1 24
americanwerewolf 2.574421525582766 0 11
andboring 2.5318618369698687 1 22
101dalmatians 2.487410109809856 0 10
"batman 2.4566384657597435 2 31
general'sdaughter 2.440890132958243 1 20
&cash 2.392099947458007 0 9