bad 0.17800485560620752 205 401
worst 0.13323189691380044 34 153
boring 0.11328629169231659 41 142
stupid 0.10716389216158727 30 124
script 0.09949724866213122 174 276
! 0.09441853889628107 219 320
supposed 0.09435728297171087 58 143
plot 0.08883125539729708 297 399
why 0.0866722541543215 182 271
nothing 0.08650357385767268 184 273
mess 0.08518261413769038 20 93
unfortunately 0.08513484467011392 88 167
least 0.0842810594375075 177 263
? 0.08344606633192986 440 548
worse 0.08103422132541345 52 124
should 0.08034554439128677 215 300
awful 0.07891085569903863 15 82
waste 0.07646281805334998 17 82
wasted 0.07454663638894161 13 76
ridiculous 0.07419529965547059 17 80
reason 0.07347631536777162 104 173
looks 0.07270188897431282 114 183
maybe 0.07126297816349093 79 144
no 0.06514660331376154 432 515
dull 0.06370077225878273 20 74
there's 0.06287783640588215 216 282
got 0.06261993880296779 112 171
poor 0.06187539920898906 45 99
point 0.060319829764065025 164 224
wasn't 0.05887326547936626 73 126
none 0.057937755851289616 54 105
give 0.05721677580024115 150 206
terrible 0.056485548237038996 25 73
lame 0.05633607881374389 10 57
if 0.05463382897794383 499 572
dumb 0.054322687592532184 23 69
anyway 0.054129536348141806 44 91
attempt 0.05412815522934339 62 110
save 0.052732273765990254 67 114
poorly 0.05172522142550043 9 52
problem 0.051458248600332074 108 156
can't 0.05036310828544199 167 217
dialogue 0.050325036074831325 129 177
pointless 0.05024981655324284 14 56
fails 0.0491902533497088 32 74
guess 0.04895688033630771 56 99
isn't 0.04799385490165345 216 266
bland 0.04791342481017091 14 54
material 0.04762805929284265 60 102
didn't 0.04728527682002903 149 195
minutes 0.04666161179437614 162 208
unfunny 0.04579114757020554 10 48
better 0.045610490425679384 249 298
director 0.04560470252563059 292 343
idea 0.04551165190692409 101 143
you're 0.04508733252354022 88 129
jokes 0.044964387597222814 47 86
car 0.04480038972567098 72 112
only 0.04472137145655697 489 548
watching 0.04454380511925779 143 186
pretty 0.04362062988364482 141 183
talent 0.043435303074138745 55 93
don't 0.04305602174264056 290 338
either 0.041784266617575866 113 152
predictable 0.041769484268330714 43 79
given 0.04149968983975355 143 183
flat 0.04135265800675458 28 63
have 0.04129977107242799 622 682
name 0.041220599524187385 102 140
apparently 0.04105475721600889 58 94
laughable 0.04101903804735295 11 45
then 0.04096435676487453 323 370
could 0.040928678282465214 324 371
bunch 0.04082203993331885 39 74
do 0.040689095450429535 403 453
my 0.04063762745251809 284 329
it's 0.04017211066476628 492 545
obvious 0.04004980701064556 80 116
she's 0.0396528394990224 89 125
annoying 0.039586093761089236 41 75
filmmakers 0.03817709175543312 47 80
tv 0.03803581500487252 76 110
badly 0.03746666813504635 11 42
here's 0.03737619660521852 13 44
doesn't 0.03720536093580179 307 349
video 0.037187374940200454 70 103
nowhere 0.037063466458613095 20 51
they're 0.03684058758594223 105 139
except 0.03653370752864485 59 91
decent 0.036155480100534265 41 72
project 0.03607144147927695 43 74
wouldn't 0.03565649879014125 53 84
ludicrous 0.03547772344856435 2 31
did 0.035297747421164205 201 237
comedy 0.03519713964222865 176 211
kill 0.03485461530791936 73 104
you'd 0.03454780298703025 24 53
couldn't 0.03432833438519792 58 88
lines 0.034314424588931816 87 118
 0.034308650006323715 345 385
inept 0.034191331895570706 4 32
movie 0.03404580801352641 585 633
painfully 0.033942735605526464 10 38
* 0.03367313003176617 75 105
potential 0.033665390885976976 46 75
here 0.03359370730293665 282 319
tries 0.03349848193923072 109 140
add 0.03343250521935026 52 81
write 0.03333638809106819 25 53
going 0.03328889115823741 233 268
writers 0.03321773245427293 28 56
i'm 0.03319813715964509 147 179
joke 0.033139094396850435 30 58
off 0.032931846103268714 334 372
even 0.03269005220972737 493 536
thought 0.032260883725319184 114 144
any 0.03226087136091438 358 396
attempts 0.031929706001091795 62 90
robin 0.03186104389818895 33 60
what's 0.03174866741355539 67 95
bore 0.03167137157588137 7 33
embarrassing 0.03159427725587441 9 35
saved 0.03151778807054833 11 37
action 0.031344357721989596 204 236
pathetic 0.031140154268900627 21 47
care 0.030941770123248113 90 118
just 0.030817909586836167 509 550
laugh 0.030771601804859758 63 90
acting 0.030649993086840605 195 226
somewhere 0.03059064752752748 36 62
uninteresting 0.030508773687560373 6 31
excuse 0.03021377998953539 14 39
else 0.030207230240305166 112 140
guy 0.030194897913519342 145 174
failure 0.03017730556471193 15 40
gets 0.030134078426374333 245 277
blame 0.030068412260519584 18 43
fake 0.03003228778705108 19 44
out 0.029916766554547003 582 624
involves 0.029817354238363625 25 50
catch 0.02978183018143677 26 51
money 0.029757745505918726 126 154
that's 0.029442773373248493 203 233
were 0.029306098428218408 275 307
sequel 0.029224755615834604 42 67
clich 0.02905770595873517 13 37
rent 0.028952537631015327 16 40
gags 0.028917649393066243 17 41
look 0.028875942234339202 223 253
seemed 0.028655254507355107 59 84
please 0.02864154825371909 25 49
cheap 0.028404249980097405 32 56
been 0.02837647878505517 415 450
ideas 0.028337169211836724 34 58
mission 0.028303861587111664 35 59
female 0.028270407736120523 36 60
whole 0.028229736838358443 142 169
happens 0.02810752624375161 76 101
dog 0.028104867639220876 41 65
actually 0.02795371560686774 222 251
seconds 0.02779641112306617 15 38
crap 0.027762742225988544 16 39
thinking 0.027715373900101023 53 77
suppose 0.027563219059598736 22 45
trailer 0.027399033333603606 27 50
around 0.027142514474254698 253 282
wrong 0.027101928656942387 109 134
appears 0.027089667858606253 73 97
idiotic 0.027028705641818817 2 24
expected 0.027012857919957063 39 62
stupidity 0.026995536796325027 3 25
someone 0.026984906754042 113 138
tedious 0.026896520079863963 6 28
neither 0.026823712862762014 45 68
anywhere 0.026765621225755497 10 32
credits 0.026453582969875628 57 80
interest 0.026123064155058523 68 91
minute 0.026098785180284717 31 53
like 0.02590077306060301 571 607
turkey 0.025784121900362965 3 24
2 0.025771682606608975 80 103
whatever 0.025762468628316833 42 64
would 0.025745564145652544 426 458
inane 0.025720955807755876 5 26
whatsoever 0.02568949168153692 6 27
julie 0.025658101454954736 7 28
i 0.025587793890205268 588 624
trying 0.02557684278789571 164 189
alas 0.02556439235927638 10 31
promising 0.02553330693993689 11 32
frankly 0.025471362356069727 13 34
remake 0.025440505582625523 14 35
start 0.0253177574831418 96 119
dennis 0.025287324831373022 19 40
impression 0.02525690920453362 20 41
jennifer 0.025226566661579186 21 42
career 0.025029670045567873 67 89
used 0.025014849714320386 107 130
called 0.02498767097758281 108 131
falls 0.024972951408060565 69 91
sounds 0.024721686216820776 38 59
sloppy 0.024571237698231458 3 23
garbage 0.024511006662390897 5 25
lifeless 0.02448111992214188 6 26
seriously 0.024405631747816042 49 70
straight 0.02434892284645479 51 72
naked 0.024273012474874837 13 33
value 0.024243704101091435 14 34
mediocre 0.024155740228217995 17 37
oh 0.024125239961272277 59 80
contrived 0.02409752942634624 19 39
b 0.024010849147292138 22 42
superior 0.023895975802469556 26 46
loud 0.02386745967493347 27 47
silly 0.023502822723523324 40 60
wait 0.023420363662147198 43 63
insulting 0.023414449154554262 1 20
nonsense 0.02338574684857374 2 21
forgot 0.023356880621404938 3 22
sat 0.023328201020214552 4 23
random 0.0232711707767769 6 25
suspense 0.02325684024071953 49 69
dressed 0.023214186215614815 8 27
1 0.02317598721688785 52 72
might 0.023174891326937702 180 203
need 0.02314153203614544 96 117
remotely 0.023129519282869174 11 30
guilty 0.023045354219896546 14 33
figure 0.02304247262591823 57 77
some 0.02302370003646914 530 561
running 0.023014614095178423 101 122
folks 0.02293408152069917 18 37
supposedly 0.022878732325463884 20 39
meant 0.022796492070465618 23 42
sadly 0.022741803554357377 25 44
mean 0.022728230139335906 69 89
twice 0.022714613739313667 26 45
know 0.02269729684676386 288 313
hour 0.022347276663748916 84 104
or 0.022272650117801218 531 561
so 0.022262999327180233 576 607
sit 0.02226225946591516 43 62
thing 0.022190929628738282 224 247
anyone 0.022141129587835234 137 158
sports 0.022005814456219776 8 26
generic 0.021978827373891754 9 27
big 0.021957970329917642 235 258
cliche 0.02195213875157997 10 28
cage 0.021925397702778612 11 29
half 0.02185877273682378 104 124
vehicle 0.021819084390046303 15 33
hey 0.021792666337544588 16 34
killed 0.02177731706210935 62 81
yeah 0.021713797140567728 19 37
under 0.021692804415423067 111 131
throw 0.021609521170815844 23 41
names 0.02158360786833411 24 42
thin 0.0215318544089924 26 44
: 0.02152271689870139 486 514
product 0.021480575644747472 28 46
saw 0.021457579899242685 75 94
yes 0.021385123980926166 78 97
include 0.021327745651160107 34 52
problems 0.021289378848826063 82 101
review 0.021123691099407732 89 108
planet 0.021078099559252224 44 62
atrocious 0.021001398267428913 0 17
chuckle 0.020975367673540465 1 18
presumably 0.020898126429100983 4 21
hired 0.020719824465761365 11 28
cheesy 0.0206192967432952 15 32
stuff 0.020595729132317137 64 82
sorry 0.0205943164563497 16 33
ass 0.020519739818775824 19 36
horrible 0.020445701368572627 22 39
doctor 0.020396636968684337 24 41
total 0.020372192972372048 25 42
aren't 0.020180091047777973 82 100
10 0.020059677774706727 38 55
ends 0.020045142335526372 88 106
3 0.020036036563707456 39 56
redeeming 0.01963251460185681 6 22
ridiculously 0.019608453053774108 7 23
basically 0.019597177316766204 58 75
tv's 0.019536738593857888 10 26
bomb 0.01948902690954594 12 28
suffers 0.019465315590965454 13 29
giving 0.01946255857503007 64 81
unbelievable 0.019441778916077724 14 30
get 0.019418067876816048 423 447
cartoon 0.019394528809598594 16 32
gary 0.01937104674435766 17 33
producers 0.01932425501943637 19 35
obviously 0.019242254775527795 74 91
completely 0.01921086907278377 127 145
bored 0.019208255494641384 24 40
weak 0.01916224382700707 26 42
accent 0.019139322742934423 27 43
-- 0.019088628309907735 133 151
decided 0.019048177668910017 31 47
barely 0.018980384933155042 34 50
early 0.018963208895940664 87 104
road 0.01895800854005908 35 51
lousy 0.01846201588561442 4 19
uninspired 0.01843931953057955 5 20
disappears 0.018394095976947585 7 22
absurd 0.01830442430803928 11 26
screaming 0.018281998511218898 12 27
offensive 0.018237657335987163 14 29
stock 0.01821550908622748 15 30
thriller 0.018182301348111787 71 87
disappointment 0.018171259097606557 17 32
promise 0.018061969082794116 22 37
disappointing 0.017975272927357296 26 41
answer 0.017868322037051063 31 46
let's 0.017741402048494663 37 52
agent 0.01765785968463772 41 56
chase 0.017595828819496957 44 59
move 0.017391698480150555 54 69
kevin 0.017291452753117054 59 74
generate 0.017284423505444874 2 16
had 0.017241790132380808 349 369
he's 0.0172253358018844 235 253
complete 0.017212084804877445 63 78
repetitive 0.017199483644965555 6 20
interesting 0.01718082531812201 180 197
amounts 0.017178378462660536 7 21
zero 0.017157209135934708 8 22
mine 0.017115374552530847 10 24
we're 0.017094498386770823 69 84
horribly 0.017094475162674302 11 25
handle 0.017052713955621163 13 27
subplots 0.017032084098969915 14 28
five 0.017016924665204228 73 88
explained 0.016990741152530877 16 30
empty 0.01697003023112744 17 31
chief 0.01694960039008773 18 32
bottom 0.016908656437019928 20 34
cash 0.016888144475949808 21 35
enough 0.01687015678617887 257 275
shouldn't 0.01682736105299562 24 38
subplot 0.016786891453314343 26 40
disaster 0.016766901167962256 27 41
fair 0.01672672110759013 29 43
development 0.016647161155679796 33 47
be 0.016606160079750465 692 717
scott 0.016509849415608742 40 54
ten 0.01643233496268793 44 58
appear 0.016374675577147897 47 61
was 0.01635304803092097 594 617
gone 0.016241585733152597 54 68
seagal 0.016099432536911738 0 13
sucks 0.01605965557174827 2 15
miserably 0.01603983976398902 3 16
horny 0.016020072797964153 4 17
jumping 0.016000238049565754 5 18
natasha 0.015980686544083203 6 19
potentially 0.015961065020056328 7 20
hide 0.015921850294211646 9 22
taylor 0.01588306026671224 11 24
gag 0.01586367760645888 12 25
blow 0.015844342196226123 13 26
designed 0.01582505570064287 14 27
double 0.015786619572440316 16 29
guys 0.015783799089853875 79 93
plain 0.01569134299441572 21 34
check 0.01567242696166276 22 35
cliches 0.015653554684175692 23 36
mentioned 0.01563472780383609 24 37
scream 0.015615946157033558 25 38
christopher 0.015578519693919303 27 40
cameo 0.015504200643573905 31 44
michael 0.015435845692503086 99 113
cop 0.015430587334969957 35 48
year's 0.015394041330489598 37 50
than 0.015302576160905745 496 516
cool 0.015072651815700375 55 68
writer 0.015055306737078625 56 69
incoherent 0.014870147981314 0 12
schumacher 0.014851743235504462 1 13
unbearable 0.014833385741898027 2 14
stretched 0.014815071830292417 3 15
" 0.014804643960996566 607 628
patch 0.014796803085972116 4 16
ads 0.014760402163951759 6 18
cardboard 0.014742267919173975 7 19
screams 0.01472417817904345 8 20
made 0.01471966310915801 278 294
category 0.01468813327357282 10 22
how 0.014674417466873313 349 366
entry 0.014652262710496817 12 24
animals 0.014634393050861144 13 25
signs 0.014598785870792629 15 27
sort 0.014533527131766297 87 100
cares 0.014528087143477173 19 31
jason 0.014510518909073934 20 32
west 0.01445806988483624 23 35
teenage 0.014440670482044185 24 36
think 0.01443031990450977 231 246
sequences 0.014388749602751383 96 109
pull 0.014285943460664953 33 45
needed 0.014268955642625952 34 46
standard 0.014235102535630505 36 48
richard 0.014218235345845064 37 49
totally 0.014117980284045845 43 55
villain 0.014068213569210772 46 58
looking 0.013896547967909761 128 141
am 0.013889099129187635 57 69
nor 0.013873041484489826 58 70
played 0.013793355829242765 207 221
put 0.013778714569709555 136 149
movie's 0.013714596587685951 68 80
wielding 0.013639350425098576 0 11
bothered 0.013622458679906727 1 12
azaria 0.013605727486919735 2 13
assignment 0.013588802000442175 3 14
dubious 0.013572035152275511 4 15
guessed 0.013555309630054892 5 16
amanda 0.013538743456432934 6 17
we'll 0.013521983539042532 7 18
me 0.013519774647243299 301 316
credibility 0.013505381078161094 8 19
porn 0.01348881933732039 9 20
wilson 0.013472415759285771 10 21
he'll 0.013455818987754215 11 22
screenplay 0.013423007444650012 87 99
mars 0.013422978154899082 13 24
holes 0.013390414111397589 15 26
thirty 0.013374017937096024 16 27
nudity 0.01335777662343103 17 28
kiss 0.013309290042594818 20 31
20 0.013293205466469726 21 32
cops 0.013277275598933783 22 33
kills 0.013261268403302152 23 34
manage 0.013245185682704733 24 35
explain 0.013150177952527403 30 41
boss 0.013118811870431853 32 43
dead 0.013114929433389544 108 120
college 0.013072154161091865 35 46
amusing 0.012964195118696141 42 53
screenwriter 0.012933820377382908 44 55
recently 0.012918518872681348 45 56
talented 0.012903364417416449 46 57
i'd 0.012843101918477762 50 61
huge 0.012783399697655087 54 65
paul 0.012709547627680798 59 70
writing 0.012680246016415153 61 72
begin 0.01265107781712975 63 74
went 0.01262215362613732 65 76
shoddy 0.012407036139279971 0 10
unimaginative 0.012391661123691302 1 11
nasa 0.012376442931322 2 12
wonder 0.01236661706498035 83 94
laughably 0.012361143745463883 3 13
clerk 0.012345765322425269 4 14
failing 0.012330541696358287 5 15
unintentionally 0.012315473744440896 6 16
motions 0.012300324831523707 7 17
tall 0.012285096698029652 8 18
strictly 0.012270022236438034 9 19
charlie 0.012255102316681563 10 20
cable 0.012240101473467166 11 21
saves 0.01222502143153879 12 22
sitcom 0.012210093952767575 13 23
wear 0.01218046496603261 15 25
over-the-top 0.012165646177700985 16 26
fail 0.01212140677279801 19 29
sex 0.012121322317095437 101 112
c 0.012106731252006217 20 30
acts 0.01209197659999061 21 31
ugly 0.012077487952182678 22 32
drive 0.012048384201170645 24 34
feet 0.01203377078674267 25 35
directly 0.012004992003114008 27 37
course 0.01200003718774173 193 205
tried 0.01196179647848445 30 40
editing 0.01193336119510946 32 42
ground 0.011876669361752412 36 46
budget 0.011862467671819463 37 47
series 0.011859940151568799 121 132
steve 0.011820513639684303 40 50
giant 0.011792521983996641 42 52
chris 0.011764886459930686 44 54
pay 0.01175106104706164 45 55
main 0.011733533054273798 131 142
mystery 0.011723508785557495 47 57
flick 0.011614465780202865 55 65
about 0.011560811248108593 575 591
space 0.011560756120584284 59 69
happen 0.011415692333591479 70 80
late 0.011248648337805187 83 93
silverstone 0.011173319118641145 0 9
yawn 0.011159346837872697 1 10
101 0.011145645375106575 2 11
spoiled 0.011131859189866148 3 12
dancer 0.011118107067446977 4 13
gabriel 0.011104271866508045 5 14
rocks 0.011090705810744292 6 15
causing 0.01107705511953167 7 16
fell 0.011063437990510827 8 17
funnier 0.011049737856306592 9 18
randy 0.011036305215799208 10 19
clue 0.011022788030862958 11 20
reads 0.011009303917251741 12 21
gratuitous 0.010995736875941055 13 22
dancing 0.010982435697789283 14 23
laughter 0.010969050070070548 15 24
wearing 0.010955697032336006 16 25
doing 0.010929007880390418 109 119
lost 0.010893291778082986 112 122
exact 0.01088941780940201 21 30
nobody 0.010876259085703562 22 31
lady 0.010863130875356158 23 32
goes 0.010853644570225585 207 218
confusing 0.010836969305208582 25 34
shallow 0.010823821641377691 26 35
saving 0.010810934681322104 27 36
desperate 0.010772001073457667 30 39
lose 0.01075923768789585 31 40
literally 0.010746390295459686 32 41
apparent 0.010708032767614707 35 44
there 0.01067085883440605 504 518
yourself 0.010669834422659931 38 47
through 0.010629049549298608 322 334
thinks 0.010582127129609417 45 54
effort 0.010507883995400896 51 60
likely 0.010447007954583157 56 65
shots 0.010434894984410789 57 66
earth 0.010422810071161345 58 67
girlfriend 0.010398725172235973 60 69
police 0.010279947914490023 70 79
lack 0.010198406185747091 77 86
quickly 0.010152388938982446 81 90
stalks 0.009937960276918085 0 8
already 0.00992828876112091 101 110
digging 0.009925629817233871 1 9
tolerable 0.00991333108928797 2 10
caan 0.009901061633650725 3 11
kicking 0.009888822511849242 4 12
hack 0.009876613611529753 5 13
miraculously 0.00986443598089405 6 14
crystal 0.009852287185835066 7 15
jean 0.00984016827851879 8 16
humor 0.009830789737439394 110 119
armageddon 0.009828079148787767 9 17
finished 0.009816020835667766 10 18
solely 0.009803990929980603 11 19
settle 0.009791990474647533 12 20
las 0.009780019361654006 13 21
extended 0.009768078620962763 14 22
delivered 0.00975616586793904 15 23
practically 0.009744282136373943 16 24
catherine 0.009732427320343968 17 25
sleep 0.009720717758190122 18 26
jump 0.00970880513745372 19 27
sexy 0.009697036434898408 20 28
positive 0.009685296229311448 21 29
wondering 0.00967370029511496 22 30
followed 0.009638619424013693 25 33
grace 0.009615449881982652 27 35
attack 0.009592390367769717 29 37
asked 0.009569442282869066 31 39
pass 0.009546602648708581 33 41
audience 0.009542002514919046 242 252
good 0.00953136130972343 452 464
mention 0.00950124997680462 37 45
thrown 0.009489978790800976 38 46
charm 0.009467517523033306 40 48
incredibly 0.009445161265991577 42 50
too 0.009381702719382323 366 377
william 0.009367741111531894 49 57
presence 0.009259316214352317 59 67
premise 0.00916396759063981 68 76
across 0.009090962834262334 75 83
again 0.009022632551927062 192 201
who's 0.0089989269388656 84 92
anything 0.00896868532501155 198 207
girl 0.008705161322813598 114 122
ineffectual 0.008701073435905204 0 7
ill-conceived 0.008690270975510811 1 8
kombat 0.008679614068649144 2 9
jewel 0.008668747347832118 3 10
endure 0.008658024955633815 4 11
screwed 0.008647329055932018 5 12
useless 0.008636777725915758 6 13
case 0.008630035005543213 122 130
unrealistic 0.008626017355984823 7 14
token 0.008615400344822185 8 15
jungle 0.00860480943679573 9 16
grade 0.00859436212814894 10 17
pretentious 0.008583706549849161 11 18
interaction 0.008573193373765178 12 19
trite 0.008562705919049798 13 20
horse 0.008552361106675715 14 21
ocean 0.00854180879111252 15 22
dollar 0.008531397934242436 16 23
exercise 0.008521012424381906 17 24
hill 0.008510768612825143 18 25
originality 0.00850043337805868 19 26
unnecessary 0.008490008036571364 20 27
luck 0.0084797229922942 21 28
characters 0.00847465918250978 374 384
woman 0.008474619285550516 139 147
mistake 0.0084695787150244 22 29
routine 0.00845934321828844 23 30
broken 0.008438831777262588 25 32
dollars 0.008428670278648714 26 33
island 0.008408421483655608 28 35
track 0.008398333045977813 29 36
bob 0.008358221174665628 33 40
scary 0.008338422185629378 35 42
apart 0.008328388061612318 36 43
this 0.008325383493852145 754 767
killing 0.008308616727645088 38 45
missing 0.008298879754181997 39 46
wrote 0.008288939981014168 40 47
air 0.008259710590669184 43 50
hold 0.008249975772444372 44 51
plan 0.008182359190243557 51 58
impossible 0.008153766142553323 54 61
show 0.008138389204670915 178 186
myself 0.008115951194897844 58 65
starring 0.008106551975807438 59 66
they 0.007985567909423286 571 582
coming 0.007869703195384381 85 92
let 0.007790873848777885 94 101
example 0.007705012750383641 104 111
line 0.007514866076043347 127 134
satan's 0.007462654810995978 0 6
frankenheimer 0.0074533841344979306 1 7
gayheart 0.007444255226926084 2 8
insert 0.007435030327193293 3 9
charlize 0.007425710669815211 4 10
earnest 0.007416531499716592 5 11
instances 0.007407493170318023 6 12
montage 0.0073983591010065314 7 13
miserable 0.0073891305149719425 8 14
at 0.007385039057073328 683 694
awake 0.007380041503099125 9 15
pet 0.007371092416156903 10 16
bug 0.007362047842330336 11 17
spy 0.007352908993633736 12 18
drags 0.007343908818167443 13 19
enjoying 0.007335047664071507 14 20
cat 0.007326091276825472 15 21
capsule 0.007317040857415916 16 22
passed 0.007308128222250399 17 23
rule 0.007299353716863081 18 24
mental 0.007290484232693701 19 25
wise 0.007281636277176325 20 26
overly 0.007272694593967156 21 27
military 0.007264005478007152 22 28
synopsis 0.007246459016156934 24 30
club 0.00722888263189761 26 32
chosen 0.007220298519253675 27 33
appeal 0.00721162000212152 28 34
owner 0.00720284824663836 29 35
matthew 0.007194211465887251 30 36
sci-fi 0.007185709997090554 31 37
spends 0.00717711437977097 32 38
kept 0.007159871293470739 34 40
studio 0.0071343307398204145 37 43
sight 0.007125857397323819 38 44
brothers 0.007117517691026108 39 45
stand 0.007058790008534155 46 52
killer 0.006952457338088816 59 65
level 0.006810516676904632 77 83
come 0.006766642533974743 230 237
when 0.006509910661124496 577 586
star 0.006256581581928877 155 161
flew 0.0062228189253819835 0 5
sickening 0.006214965509588704 1 6
unfolding 0.006207368385913204 2 7
alcohol 0.006199671485470233 3 8
cleavage 0.006191993649176385 4 9
comprised 0.0061842172138979875 5 10
meantime 0.006176695614102598 6 11
enemies 0.006169074545408796 7 12
convoluted 0.006161472259993651 8 13
mortal 0.006153771673248883 9 14
toilet 0.006146324482460299 10 15
card 0.006138778130338298 11 16
gross 0.006131250286114911 12 17
having 0.006128667413401956 175 181
actresses 0.006123624438036001 13 18
realizing 0.006116250563189152 14 19
rolling 0.006108777834221264 15 20
established 0.006101323343128868 16 21
eric 0.006093771145423879 17 22
weekend 0.006086469514731574 18 23
handled 0.0060790693367316385 19 24
jon 0.006071687131811346 20 25
15 0.006064322834572117 21 26
guns 0.006056977079680108 22 27
utterly 0.006049648401180632 23 28
press 0.006042337436066372 24 29
funny 0.006024060959579358 192 198
trust 0.006013270120926631 28 33
target 0.006006046765104273 29 34
bright 0.00599165267529865 31 36
pair 0.005977326733019865 33 38
what 0.005970161037936794 535 543
intended 0.005963069811936651 35 40
laughing 0.005948880064498022 37 42
intelligence 0.005941697490660883 38 43
appearance 0.005906714474018186 43 48
purpose 0.005885854378967215 46 51
front 0.0058789343766752 47 52
ask 0.005872029969355562 48 53
suddenly 0.005865141760568973 49 54
on 0.005838495521967246 736 745
sexual 0.00582403939046236 55 60
trouble 0.0058173743994813926 56 61
i'll 0.005810613748358617 57 62
mr 0.0057702684375990215 63 68
) 0.005767408183323552 755 764
hell 0.005737272489598336 68 73
talk 0.005711059817912673 72 77
hit 0.005608454103635807 88 93
camera 0.0055525065194000495 97 102
stars 0.0053791669943598075 126 131
simply 0.005373488658527992 127 132
you 0.005149010977224755 555 562
( 0.005128211664352289 755 763
want 0.005104578380710906 176 181
stowe 0.0049751296239747105 1 5
sub 0.004968949761003977 2 6
infinitely 0.0049627846444573525 3 7
shakespearean 0.004956634807453325 4 8
knocked 0.004950500193259161 5 9
breathing 0.004944381328283993 6 10
buried 0.0049382769891933714 7 11
patients 0.004932187704395916 8 12
satisfy 0.004926113418270591 9 13
it'll 0.004920054652610056 10 14
forgettable 0.004914010196641694 11 15
hole 0.0049079805741228735 12 16
handful 0.004901965730517176 13 17
storm 0.0048959661830577095 14 18
execution 0.004889980733338909 15 19
bus 0.00488400990052466 16 20
angle 0.0048780536311368305 17 21
necessarily 0.004872112437905054 18 22
covered 0.004866185134600132 19 23
kong 0.004860272235849283 20 24
games 0.004854373689207138 21 25
brian 0.004848605320285068 22 26
fbi 0.004842620002853588 23 27
sean 0.00483092254010431 25 29
things 0.004823954317379087 233 238
protagonist 0.004819282006023454 27 31
shooting 0.004813482474175526 28 32
french 0.004807696883909383 29 33
managed 0.004801925185013711 30 34
walk 0.004773274406909868 35 39
steven 0.004767585012597199 36 40
likes 0.004761909164848248 37 41
gun 0.00475624681533849 38 42
miss 0.004744962955678056 40 44
onto 0.00472255456735525 44 48
box 0.004700356834656062 48 52
offers 0.004694839837349099 49 53
quality 0.004651166791590403 57 61
somehow 0.0046029956518733595 66 70
middle 0.004576662532905604 71 75
said 0.004343004439060993 118 122
we 0.004168425312508273 396 401
fluke 0.003733636168057486 1 4
flee 0.0037291138753899823 2 5
seems 0.003724395453124807 271 275
hallmark 0.003724366019548126 3 6
cap 0.003719747966440445 4 7
hopeful 0.0037151413515361014 5 8
penchant 0.003710664307645167 6 9
now 0.0037105757856251143 275 279
dear 0.0037059627033747666 7 10
proven 0.003701390148180491 8 11
outing 0.003696828862672856 9 12
sun 0.003692396397631765 10 13
dozens 0.0036877403667914515 11 14
stereotypical 0.0036832126404262693 12 15
response 0.0036786960185251384 13 16
escapes 0.0036743074755388842 14 17
ensues 0.003669696353207467 15 18
cameos 0.003665212799642305 16 19
kelly 0.0036607401885326227 17 20
moved 0.0036563949236180053 18 21
described 0.0036518280577736116 19 22
clothes 0.0036473880337177765 20 23
reaction 0.0036429587932450755 21 24
morning 0.0036253493030870623 25 28
flying 0.00361225360769641 28 31
emotion 0.0036079092371582785 29 32
shock 0.003603575303818822 30 33
opposite 0.0035993663944251103 31 34
rescue 0.0035906361620684293 33 36
we've 0.003582175370290888 35 38
producer 0.0035777896075704155 36 39
heavy 0.00356514777871951 39 42
okay 0.0035608030490151196 40 43
haven't 0.0035190338527045645 50 53
favorite 0.003514910687486314 51 54
dr 0.0035025993509629205 54 57
talking 0.00348631763979608 58 61
fans 0.0034783439876389932 60 63
she 0.0034692108623756712 350 354
came 0.0034542041447768457 66 69
because 0.0034482760187235506 357 361
second 0.0032661687346202117 116 119
far 0.003031809601665908 187 190
make 0.0024947815628247882 400 403
tax 0.0024876204194727585 2 4
buffy 0.0024845301339341316 3 5
projected 0.0024813293415312182 4 6
brazil 0.002478254510523221 5 7
glamorous 0.002475305465922107 6 8
balls 0.0024722456827359404 7 9
alfred 0.002469075862361886 8 10
viewer's 0.002466031306457431 9 11
tune 0.0024631118420340298 10 12
site 0.00246008211181316 11 13
sandra 0.0024569428105760266 12 14
forest 0.002453928084828534 13 15
bucks 0.002451037763546847 14 16
hated 0.0024480376456886416 15 17
disbelief 0.0024449284195108625 16 18
obnoxious 0.0024419430876502675 17 19
dozen 0.0024390814810137974 18 20
simon 0.002436110543486563 19 21
capture 0.0024330309568912564 20 22
growing 0.0024300745911135686 21 23
bar 0.002427241278958027 22 24
fault 0.0024242990980935693 23 25
captain 0.0024126016353442914 27 29
nasty 0.002409694817107809 28 30
count 0.002401016513230221 31 33
episode 0.002398137527945994 32 34
opportunity 0.0023584331738780925 46 48
quick 0.002350231073082659 49 51
can 0.002339235927645622 480 483
effect 0.0023283430086033508 57 59
type 0.002325524805157339 58 60
read 0.0023040913977788874 66 68
chance 0.0022804461573577017 75 77
city 0.002247136212458173 88 90
title 0.0022247459980224565 97 99
effects 0.002123191625806181 140 142
plays 0.0019304546373117293 234 236
down 0.0018921915145291845 255 257
little 0.001710821973441079 367 369
all 0.0013937603114760888 633 635
shreds 0.0012445837414558508 2 3
tycoon 0.0012430366780169077 3 4
bites 0.0012414934559172239 4 5
fades 0.0012398358856139944 5 6
arguments 0.0012384186249092266 6 7
distracted 0.0012368868410128804 7 8
distinct 0.00123535884172306 8 9
vince 0.0012337170206388262 9 10
scares 0.0012323142858186049 10 11
closest 0.001230797556215425 11 12
jealous 0.0012292845555977351 12 13
network 0.0012276582549782915 13 14
jamie 0.0012262698298502427 14 15
2001 0.0012247679336966043 15 16
research 0.0012232697119920373 16 17
impressed 0.0012216587075188252 17 18
ray 0.0012202843801314422 18 19
stunts 0.0012187971008823552 19 20
department 0.0012173134426042079 20 21
hong 0.0012157175142870486 21 22
director's 0.00121435707682652 22 23
boat 0.0012128842021315069 23 24
wide 0.0012114148959620624 24 25
teenagers 0.0012099491453649788 25 26
efforts 0.0012083717593950397 26 27
responsible 0.0012070283983270438 27 28
device 0.0012055732370172476 28 29
falling 0.0012041215800905614 29 30
comedies 0.001202558790588601 30 31
realized 0.0012012288664791163 31 32
roger 0.0011997876467511048 32 33
revenge 0.0011983498811948892 33 34
numerous 0.0011954847993394524 35 36
avoid 0.001194057321791904 36 37
humans 0.0011926332491595318 37 38
debut 0.0011910990366189797 38 39
worked 0.0011897954050267834 39 40
contains 0.0011869708996497738 41 42
climax 0.0011854506753223928 42 43
rock 0.0011827593303212688 44 45
fast 0.0011758059846445346 49 50
office 0.0011674578256197082 55 56
biggest 0.0011648491517943227 57 58
god 0.001162030948348311 59 60
saying 0.0011607928346387408 60 61
word 0.0011409275042689598 75 76
hero 0.001139518653088742 76 77
close 0.001135744419101456 79 80
full 0.0011092878010480894 100 101
head 0.0010934145680261131 113 114
next 0.00105654829908991 145 146
instead 0.001014639882903734 184 185
idle 0.0 5 5
and -6.248190650216534E-4 800 799
, -6.252097079795238E-4 799 798
in -6.256008397105273E-4 798 797
up -7.333535634396204E-4 563 562
another -8.956766309493047E-4 316 315
question -0.0011167202687078492 95 94
daughter -0.0011318879350678268 83 82
needs -0.0011343478405923396 81 80
summer -0.0011409275042689598 76 75
ago -0.0011501127469979583 69 68
absolutely -0.0011554281112542697 65 64
you've -0.0011581041962320376 63 62
cut -0.001162030948348311 60 59
members -0.0011689339174522223 55 54
water -0.0011716731346994996 53 52
hear -0.0011771901320064629 49 48
tone -0.0011813620631558885 46 45
imagine -0.0011827593303212688 45 44
e -0.0011869708996497738 42 41
addition -0.001188381474042953 41 40
party -0.0011897954050267834 40 39
l -0.0011910990366189797 39 38
boys -0.001194057321791904 37 36
park -0.0011954847993394524 36 35
sad -0.0011968014815340877 35 34
join -0.0012012288664791163 32 31
phone -0.001202558790588601 31 30
destroy -0.0012041215800905614 30 29
conflict -0.0012055732370172476 29 28
suggest -0.0012070283983270438 28 27
learned -0.0012099491453649788 26 25
asking -0.0012114148959620624 25 24
warning -0.0012128842021315069 24 23
capable -0.00121435707682652 23 22
explosions -0.0012157175142870486 22 21
remaining -0.0012173134426042079 21 20
buddy -0.0012187971008823552 20 19
albeit -0.0012202843801314422 19 18
table -0.0012216587075188252 18 17
susan -0.0012232697119920373 17 16
utter -0.0012247679336966043 16 15
ron -0.0012262698298502427 15 14
sum -0.0012276582549782915 14 13
express -0.0012292845555977351 13 12
improved -0.001230797556215425 12 11
technically -0.0012323142858186049 11 10
secondary -0.0012337170206388262 10 9
reviewed -0.00123535884172306 9 8
follow-up -0.0012368868410128804 8 7
unstable -0.0012384186249092266 7 6
passive -0.0012398358856139944 6 5
responses -0.0012414934559172239 5 4
bouts -0.0012430366780169077 4 3
wayne's -0.0012445837414558508 3 2
where -0.0017138356922379305 367 365
a -0.0018756296127117045 800 797
since -0.0019473720006593087 227 225
becomes -0.0020704415346072536 166 164
play -0.0021436726244676296 133 131
elements -0.0022727802204075276 80 78
parts -0.0022883829537148487 74 72
features -0.0022908949361330894 73 71
you'll -0.002293522171721407 72 70
laughs -0.002298904254094472 70 68
popular -0.002312082402101512 65 63
television -0.002322823782987052 61 59
& -0.00234460876426644 53 51
actual -0.002347360718005065 52 50
telling -0.002361217695014843 47 45
science -0.0023641213934771574 46 44
aside -0.002366919236984205 45 43
shame -0.002380894441645763 40 38
storyline -0.0023866905709514358 38 36
public -0.002395151362728977 35 33
train -0.002403787657067717 32 30
constant -0.002409694817107809 30 28
instance -0.0024126016353442914 29 27
lover -0.0024154001577220835 28 26
obsessed -0.0024183209047600185 27 25
genius -0.0024213640413270412 26 24
assistant -0.0024242990980935693 25 23
oddly -0.002427241278958027 24 22
rival -0.0024300745911135686 23 21
convinced -0.0024330309568912564 22 20
wind -0.002436110543486563 21 19
caring -0.0024390814810137974 20 18
anderson -0.0024419430876502675 19 17
miller -0.0024449284195108625 18 16
millions -0.0024480376456886416 17 15
truck -0.002451037763546847 16 14
accurate -0.002453928084828534 15 13
sticks -0.0024569428105760266 14 12
village -0.00246008211181316 13 11
floating -0.0024631118420340298 12 10
20th -0.002466031306457431 11 9
unfair -0.002469075862361886 10 8
screens -0.0024722456827359404 9 7
stole -0.002475305465922107 8 6
tomorrow -0.002478254510523221 7 5
fragile -0.0024813293415312182 6 4
confesses -0.0024845301339341316 5 3
interplay -0.0024876204194727585 4 2
few -0.002786786136417474 277 274
kind -0.0031169569802194097 163 160
that -0.0031555842781666454 786 781
it -0.0031776442569654284 775 770
later -0.0032240472338099235 131 128
couple -0.003245074455786423 125 122
black -0.003273400279199118 117 114
face -0.0033022249622323696 109 106
body -0.003376450456858221 89 86
book -0.003395666705490491 84 81
remember -0.0034383682355038636 73 70
familiar -0.0034581860354975097 68 65
battle -0.0034701865983335495 65 62
slow -0.00348631763979608 61 58
really -0.0034873585983921096 348 344
lee -0.0034903739569516617 60 57
jack -0.0034945506164943407 59 56
brief -0.003510908975371596 55 52
red -0.003527421205089122 51 48
wild -0.0035315736586701355 50 47
forget -0.0035356233058845554 49 46
sent -0.003539795237033981 48 45
considering -0.003543977025336112 47 44
consider -0.003552369912306598 45 42
intriguing -0.003582175370290888 38 35
student -0.003586343602665444 37 34
speak -0.0035906361620684293 36 33
heroes -0.0035949390094800818 35 32
d -0.0035993663944251103 34 31
mix -0.003603575303818822 33 30
respect -0.0036079092371582785 32 29
current -0.00361225360769641 31 28
scenes -0.0036133698964926353 308 304
step -0.0036167232154348528 30 27
travel -0.0036253493030870623 28 25
encounter -0.003629735800722081 27 24
generation -0.003634248243458548 26 23
serves -0.0036386561749200894 25 22
successfully -0.0036429587932450755 24 21
helped -0.0036473880337177765 23 20
overcome -0.0036518280577736116 22 19
jobs -0.0036563949236180053 21 18
holding -0.0036607401885326227 20 17
mainstream -0.003665212799642305 19 16
princess -0.003669696353207467 18 15
manager -0.0036743074755388842 17 14
patient -0.0036786960185251384 16 13
bullets -0.0036832126404262693 15 12
discovery -0.0036877403667914515 14 11
albert -0.003692396397631765 13 10
gambling -0.003696828862672856 12 9
cartoonish -0.003701390148180491 11 8
ranks -0.0037059627033747666 10 7
racism -0.003710664307645167 9 6
cab -0.0037151413515361014 8 5
cameraman -0.003719747966440445 7 4
seasoned -0.003724366019548126 6 3
hail -0.0037291138753899823 5 2
sensitivity -0.003733636168057486 4 1
two -0.004133961373234685 411 406
rest -0.004214965229462908 150 146
with -0.004428966016907232 783 776
exactly -0.004429681764174367 104 100
run -0.004474276099262861 95 91
act -0.004489340917831819 92 88
expect -0.004571541164823931 76 72
something -0.004606197978049675 287 282
are -0.004634215307605882 713 706
return -0.004634998278486235 64 60
happened -0.004640374935987304 63 59
merely -0.004662008442114049 59 55
eye -0.00471142929052909 50 46
reasons -0.00472255456735525 48 44
van -0.004728136931999048 47 43
seemingly -0.0047337319754624865 46 42
hardly -0.004761909164848248 41 37
fighting -0.004767585012597199 40 36
hasn't -0.004773274406909868 39 35
smith -0.004784693483860333 37 33
cause -0.004801925185013711 34 30
tough -0.004807696883909383 33 29
camp -0.004819282006023454 31 27
continue -0.004825094974829892 30 26
feelings -0.00483092254010431 29 25
pulled -0.004836764199049125 28 24
safe -0.004842620002853588 27 23
lovely -0.004848605320285068 26 22
essentially -0.004854373689207138 25 21
after -0.00485834316585404 437 431
causes -0.004860272235849283 24 20
twisted -0.004866185134600132 23 19
encounters -0.004872112437905054 22 18
lovers -0.0048780536311368305 21 17
operation -0.00488400990052466 20 16
amy -0.004889980733338909 19 15
timing -0.0048959661830577095 18 14
dude -0.004901965730517176 17 13
wishes -0.0049079805741228735 16 12
southern -0.004914010196641694 15 11
carl -0.004920054652610056 14 10
chances -0.004926113418270591 13 9
spectacle -0.004932187704395916 12 8
curtis -0.0049382769891933714 11 7
plight -0.004944381328283993 10 6
oblivious -0.004950500193259161 9 5
all-time -0.004956634807453325 8 4
garner -0.0049627846444573525 7 3
delve -0.004968949761003977 6 2
comprehension -0.0049751296239747105 5 1
along -0.005094273925166676 183 178
original -0.005178695121082599 167 162
evil -0.005540201451290652 104 99
shot -0.0055525065194000495 102 97
possible -0.0056465639160116765 87 82
taking -0.0056721865533547605 83 78
murder -0.005717590037174564 76 71
for -0.005727037715972272 775 766
latest -0.005757090289591982 70 65
romantic -0.005803868792796332 63 58
focus -0.005837750425977117 58 53
computer -0.005858269693376661 55 50
ability -0.005872029969355562 53 48
crime -0.0058789343766752 52 47
situations -0.005906714474018186 48 43
casting -0.005927722285999325 45 40
discovers -0.005934758360704839 44 39
an -0.005954377761206886 715 706
personality -0.005955966486640152 41 36
pieces -0.005963069811936651 40 35
necessary -0.005970075888443956 39 34
lot -0.00597606023258318 206 200
000 -0.005977326733019865 38 33
mouth -0.005984481130611438 37 32
physical -0.00599165267529865 36 31
green -0.005998726666547799 35 30
finale -0.006013270120926631 33 28
man's -0.006035044120194871 30 25
draw -0.006042337436066372 29 24
connection -0.006056977079680108 27 22
guard -0.006071687131811346 25 20
unfortunate -0.0060790693367316385 24 19
flash -0.006086469514731574 23 18
heroine -0.006093771145423879 22 17
from -0.006095525565482096 680 671
bag -0.006101323343128868 21 16
ticket -0.006108777834221264 20 15
holiday -0.006116250563189152 19 14
devoted -0.006123624438036001 18 13
suspicious -0.006131250286114911 17 12
dedicated -0.006138778130338298 16 11
graham -0.006146324482460299 15 10
immensely -0.006153771673248883 14 9
sisters -0.006161472259993651 13 8
lessons -0.006169074545408796 12 7
draws -0.006176695614102598 11 6
connections -0.0061842172138979875 10 5
throne -0.006191993649176385 9 4
likewise -0.006199671485470233 8 3
spills -0.006207368385913204 7 2
encourages -0.006214965509588704 6 1
camille -0.0062228189253819835 5 0
style -0.006666632017794716 102 96
fight -0.006772082169237206 88 82
horror -0.006794982708665506 85 79
taken -0.006818147394925547 82 76
alone -0.0068259043419074406 81 75
s -0.0068571086902633055 77 71
within -0.006880809379530728 74 68
business -0.006952457338088816 65 59
heard -0.006976821356249607 62 56
million -0.007009423560676617 58 52
herself -0.0070175100384492345 57 51
liked -0.007025727518996369 56 50
outside -0.0070506075113747 53 47
list -0.007075550684006247 50 44
decide -0.007092165149340579 48 42
store -0.007125857397323819 44 38
task -0.007142937386289926 42 36
etc -0.007159871293470739 40 34
building -0.007168425769638845 39 33
confused -0.00717711437977097 38 32
disney -0.007194211465887251 36 30
goal -0.007220298519253675 33 27
industry -0.00722888263189761 32 26
engaging -0.007237602910783472 31 25
sheer -0.007246459016156934 30 24
comparison -0.007255221638197879 29 23
agrees -0.007272694593967156 27 21
dealing -0.007281636277176325 26 20
flaw -0.007290484232693701 25 19
end -0.007292641413751022 300 292
reveals -0.007299353716863081 24 18
bound -0.007308128222250399 23 17
actor -0.007310705795067068 160 153
sea -0.007317040857415916 22 16
suffer -0.007326091276825472 21 15
affleck -0.007335047664071507 20 14
negative -0.007343908818167443 19 13
surreal -0.007352908993633736 18 12
movies -0.007359731890707988 290 282
slick -0.007362047842330336 17 11
prevent -0.007371092416156903 16 10
thoughtful -0.007380041503099125 15 9
authorities -0.0073891305149719425 14 8
neighbors -0.0073983591010065314 13 7
begun -0.007407493170318023 12 6
departure -0.007416531499716592 11 5
first-rate -0.007425710669815211 10 4
ryder -0.007435030327193293 9 3
longtime -0.007444255226926084 8 2
thematically -0.0074533841344979306 7 1
anecdotes -0.007462654810995978 6 0
character -0.007472027459700992 408 399
try -0.007764947449313109 104 97
won't -0.007834471963476058 96 89
part -0.007920920436942841 213 205
women -0.007923040260891148 86 79
working -0.008013854843641852 76 69
brother -0.008134925552481645 63 56
company -0.008153766142553323 61 54
moves -0.008172917417485645 59 52
kid -0.008211265810027658 55 48
tension -0.008249975772444372 51 44
them -0.008250903442839796 416 406
energy -0.008279136048990353 48 41
cinematic -0.008288939981014168 47 40
recommend -0.008308616727645088 45 38
prison -0.00831849064648335 44 37
hair -0.008348252767513692 41 34
race -0.008358221174665628 40 33
match -0.00836821341638995 39 32
every -0.008399503541199338 275 266
humorous -0.008408421483655608 35 28
adults -0.008418648400448564 34 27
serve -0.008428670278648714 33 26
eddie -0.008438831777262588 32 25
drawn -0.008449017806745535 31 24
veteran -0.00845934321828844 30 23
frame -0.0084695787150244 29 22
direct -0.0084797229922942 28 21
media -0.008490008036571364 27 20
surely -0.00850043337805868 26 19
perform -0.008510768612825143 25 18
animal -0.008521012424381906 24 17
recall -0.008531397934242436 23 16
sympathy -0.00854180879111252 22 15
model -0.008552361106675715 21 14
imagery -0.008562705919049798 20 13
greatly -0.008573193373765178 19 12
instantly -0.008583706549849161 18 11
interviews -0.00859436212814894 17 10
hints -0.00860480943679573 16 9
arguably -0.008615400344822185 15 8
covering -0.008626017355984823 14 7
saga -0.008636777725915758 13 6
tends -0.008647329055932018 12 5
co-workers -0.008658024955633815 11 4
robbie -0.008668747347832118 10 3
varying -0.008679614068649144 9 2
buffs -0.008690270975510811 8 1
cal -0.008701073435905204 7 0
old -0.008862702517078713 219 210
piece -0.009080643543128972 84 76
team -0.00910130560603463 82 74
usually -0.009122170161870072 80 72
words -0.009142912113183951 78 70
beyond -0.009216645991064268 71 63
situation -0.009302383378101353 63 55
spend -0.009334948365833956 60 52
motion -0.009345853047052585 59 51
romance -0.009356784278681682 58 50
crew -0.009367741111531894 57 49
constantly -0.009389843352046796 55 47
produced -0.009434135679107308 51 43
background -0.009456326180996816 49 41
not -0.00953681524693395 674 660
as -0.009569426562963446 774 759
relief -0.009569442282869066 39 31
forever -0.00960390628299506 36 28
alan -0.009615449881982652 35 27
1999 -0.009627020159843604 34 26
appealing -0.009638619424013693 33 25
changed -0.00965024667322465 32 24
much -0.009654128659371486 448 436
last -0.009661855714007073 239 229
deals -0.009661902008877041 31 23
moral -0.00967370029511496 30 22
russell -0.009685296229311448 29 21
stops -0.009697036434898408 28 20
found -0.009703597033754563 131 122
spot -0.00970880513745372 27 19
range -0.009720717758190122 26 18
disappointed -0.009732427320343968 25 17
chinese -0.009744282136373943 24 16
challenge -0.00975616586793904 23 15
beloved -0.009780019361654006 21 13
demonstrates -0.009791990474647533 20 12
scared -0.009803990929980603 19 11
awards -0.009816020835667766 18 10
beings -0.009828079148787767 17 9
painting -0.00984016827851879 16 8
newest -0.009852287185835066 15 7
scene -0.009852351144508942 321 310
paxton -0.00986443598089405 14 6
actor's -0.009876613611529753 13 5
racist -0.009888822511849242 12 4
jews -0.009901061633650725 11 3
conservative -0.00991333108928797 10 2
group -0.0099174536802967 111 102
hawthorne -0.009925629817233871 9 1
online -0.009937960276918085 8 0
opening -0.009994547543196314 104 95
go -0.010050304327078208 299 288
hope -0.010084135948232889 96 87
who -0.010090941308031565 693 678
lead -0.01009544782484574 95 86
meets -0.010268219034220705 80 71
theater -0.010291703620280465 78 69
previous -0.010434894984410789 66 57
ultimately -0.010495741200472697 61 52
blood -0.01052027813549071 59 50
hands -0.010557301177666505 56 47
by -0.01056114446250711 722 706
member -0.01063213216564135 50 41
average -0.01065731292806009 48 39
fire -0.010669834422659931 47 38
opinion -0.010682612039960508 46 37
pictures -0.010708032767614707 44 35
manner -0.010720674342485859 43 34
such -0.010723953080772841 324 312
jones -0.010746390295459686 41 32
itself -0.010752832575162213 134 124
sympathetic -0.010785023616929248 38 29
featuring -0.010797963604786964 37 28
reading -0.010823821641377691 35 26
added -0.010850034319975756 33 24
roll -0.010876259085703562 31 22
player -0.01088941780940201 30 21
one's -0.010915833535780763 28 19
decade -0.010929089517585162 27 18
tell -0.010941069504767253 118 108
haunting -0.010942376465708947 26 17
knowing -0.010955697032336006 25 16
nonetheless -0.010969050070070548 24 15
soldiers -0.010982435697789283 23 14
flesh -0.010995736875941055 22 13
universe -0.011009303917251741 21 12
briefly -0.011022788030862958 20 11
must -0.011027646363128668 202 191
confrontation -0.011036305215799208 19 10
inspiration -0.011049737856306592 18 9
matter -0.0110621019518089 108 98
noticed -0.011063437990510827 17 8
greatness -0.01107705511953167 16 7
hires -0.011090705810744292 15 6
prisoners -0.011104271866508045 14 5
globe -0.011118107067446977 13 4
maintaining -0.011131859189866148 12 3
grabs -0.011145645375106575 11 2
deft -0.011159346837872697 10 1
house -0.011160872666082594 100 90
gattaca -0.011173319118641145 9 0
her -0.011209035871378337 455 441
tells -0.011286736779574785 90 80
recent -0.011415692333591479 80 70
number -0.011441816367278423 78 68
decides -0.011494423526282507 74 64
real -0.011538578446382619 245 233
leaves -0.011574137230395354 68 58
break -0.011627971586400818 64 54
say -0.011628026712084738 237 225
mark -0.01164161921877345 63 53
possibly -0.011792521983996641 52 42
latter -0.011862467671819463 47 37
fellow -0.011876669361752412 46 36
win -0.011890792097935976 45 35
rarely -0.011904834249148795 44 34
james -0.011950235778600021 125 114
pop -0.01196179647848445 40 30
hits -0.011976122653548228 39 29
difference -0.011990596853946496 38 28
actors -0.012012144693890114 204 192
technical -0.012019306440717144 36 26
imagination -0.01203377078674267 35 25
arrives -0.012048384201170645 34 24
dance -0.012062918522107263 33 23
rob -0.012077487952182678 32 22
reminiscent -0.01209197659999061 31 21
standing -0.012106731252006217 30 20
built -0.01212140677279801 29 19
claims -0.012136117915912206 28 18
their -0.012139742691858024 525 509
occur -0.012150748225103987 27 17
justice -0.012165646177700985 26 16
live -0.012175093637537007 108 97
passion -0.01218046496603261 25 15
wonders -0.01219531989992079 24 14
tight -0.012210093952767575 23 13
menace -0.01222502143153879 22 12
historical -0.012240101473467166 21 11
setup -0.012255102316681563 20 10
movement -0.012270022236438034 19 9
handles -0.012285096698029652 18 8
roles -0.012297489191424482 99 88
mother's -0.012300324831523707 17 7
snow -0.012315473744440896 16 6
1970s -0.012330541696358287 15 5
spacey -0.012345765322425269 14 4
harrowing -0.012361143745463883 13 3
manages -0.01236661706498035 94 83
never -0.012367678951132999 338 324
film's -0.012371279639161459 175 163
edition -0.012376442931322 12 2
mpaa -0.012391661123691302 11 1
probably -0.012396841373811918 173 161
masterfully -0.012407036139279971 10 0
he -0.012422541256729813 657 639
sure -0.012448281827057234 169 157
room -0.012464711310937224 87 76
genre -0.012478852343104793 86 75
living -0.012493025497719273 85 74
certain -0.01262215362613732 76 65
former -0.012798273509620692 64 53
usual -0.012843101918477762 61 50
cannot -0.012918518872681348 56 45
provide -0.012933820377382908 55 44
more -0.012949843567605424 598 580
occasionally -0.012994938728122428 51 40
night -0.013001254131182971 128 116
ready -0.013056524993611367 47 36
friend -0.013072069344937348 123 111
charming -0.013103184130343684 44 33
detective -0.013134590061588576 42 31
has -0.013144400602758788 654 635
drug -0.013165918058575012 40 29
attitude -0.013181695890565476 39 28
bond -0.01319762525227354 38 27
innocent -0.013213363762509048 37 26
limited -0.013229255586082123 36 25
event -0.013245185682704733 35 24
meeting -0.013261268403302152 34 23
hopes -0.013277275598933783 33 22
humanity -0.013293205466469726 32 21
extreme -0.013309290042594818 31 20
fame -0.013325528352888572 30 19
murphy -0.013341691152929453 29 18
oliver -0.013374017937096024 27 16
answers -0.013390414111397589 26 15
nights -0.013406734795882853 25 14
tense -0.013422978154899082 24 13
magical -0.01343937850836531 23 12
prime -0.013455818987754215 22 11
learning -0.013472415759285771 21 10
consequences -0.01348881933732039 20 9
writes -0.013505381078161094 19 8
closely -0.013521983539042532 18 7
argument -0.013538743456432934 17 6
fable -0.013555309630054892 16 5
smooth -0.013572035152275511 15 4
bold -0.013588802000442175 14 3
four -0.013590229564162754 88 76
rousing -0.013605727486919735 13 2
naval -0.013622458679906727 12 1
melancholy -0.013639350425098576 11 0
children -0.013667625367167938 83 71
turned -0.013761672279226062 77 65
large -0.013969946644320191 64 52
audiences -0.01398622798303989 63 51
questions -0.014051851794160845 59 47
control -0.014084726480572338 57 45
written -0.0141076804267041 127 114
convincing -0.014134497041916015 54 42
finally -0.01413836623386941 125 112
amount -0.014151166018345915 53 41
fairly -0.014167874357689368 52 40
six -0.014184734133149211 51 39
plenty -0.014201408081330066 50 38
once -0.014213472244536868 191 177
believable -0.014218235345845064 49 37
asks -0.014252009792950819 47 35
watch -0.014256895338995185 188 174
genuine -0.014268955642625952 46 34
seem -0.014300487850344545 185 171
places -0.014302971777094789 44 32
directors -0.014320040736910969 43 31
hand -0.014341129805259811 112 99
character's -0.014354299532617965 41 29
toward -0.014371491295592259 40 28
queen -0.014440670482044185 36 24
pleasure -0.014475625480128672 34 22
position -0.014510518909073934 32 20
aware -0.014528087143477173 31 19
visuals -0.014545812733020014 30 18
knowledge -0.014563349860448278 29 17
strike -0.014581046335423068 28 16
his -0.014608511311195005 716 694
england -0.014616683941247832 26 14
providing -0.014634393050861144 25 13
carried -0.014652262710496817 24 12
involved -0.014664685904049887 92 79
choices -0.014670176064580735 23 11
back -0.01467914917715385 297 281
bet -0.01468813327357282 22 10
reputation -0.014706132779924597 21 9
designer -0.01472417817904345 20 8
uncle -0.014742267919173975 19 7
tour -0.014760402163951759 18 6
note -0.014764619939877308 86 73
fairy -0.014778579342046929 17 5
niro -0.014796803085972116 16 4
sly -0.014815071830292417 15 3
matches -0.014833385741898027 14 2
represent -0.014851743235504462 13 1
thematic -0.014870147981314 12 0
deep -0.01495141272020191 75 62
leaving -0.01498588491483635 73 60
following -0.015003069799402205 72 59
soon -0.015086529690372552 134 120
certainly -0.015119012201479487 132 118
rather -0.015159519467566579 196 181
filled -0.015160653071478014 63 50
george -0.015178354859890511 62 49
de -0.015285438109665553 56 43
mysterious -0.015357669762716152 52 39
violent -0.015375833169768191 51 38
message -0.015412292667636968 49 36
stands -0.015430587334969957 48 35
exception -0.015448811274484907 47 34
learns -0.015504200643573905 44 31
forces -0.015559872769635212 41 28
days -0.015625249712802075 102 88
design -0.01563472780383609 37 24
willing -0.015653554684175692 36 23
marriage -0.01567242696166276 35 22
therefore -0.01569134299441572 34 21
individual -0.01571030655582504 33 20
streets -0.015748371523608615 31 18
boy -0.015766023397927584 94 80
ed -0.015786619572440316 29 16
judge -0.01582505570064287 27 14
violence -0.015837365776620926 90 76
drives -0.015844342196226123 26 13
involving -0.015855302799963014 89 75
conversation -0.01588306026671224 24 11
eager -0.01590249035039934 23 10
away -0.015904987566028123 213 197
engaged -0.015921850294211646 22 9
creation -0.01594149162164766 21 8
screen -0.01595246707248188 210 194
enters -0.015961065020056328 20 7
triumph -0.015980686544083203 19 6
essential -0.016000238049565754 18 5
difficult -0.01601868798546484 80 66
blend -0.016020072797964153 17 4
riveting -0.01603983976398902 16 3
strongest -0.01605965557174827 15 2
film -0.016075411649199567 704 680
lovingly -0.016099432536911738 13 0
felt -0.016166563656211233 72 58
clear -0.016222764562698333 69 55
immediately -0.016317307362325256 64 50
brought -0.016355544991896974 62 48
credit -0.01641306948917569 59 45
stories -0.01643233496268793 58 44
joe -0.016470888784987946 56 42
state -0.01649040185901801 55 41
truth -0.016509849415608742 54 40
critics -0.016568466418927723 51 37
into -0.016579148950868705 537 515
provides -0.016588098652281502 50 36
bit -0.016615111766985324 170 154
law -0.016627388816504045 48 34
hard -0.016754302298499862 162 146
filmmaking -0.016786891453314343 40 26
relationships -0.016847612005967596 37 23
grows -0.016867911761002212 36 22
award -0.016888144475949808 35 21
danny -0.016908656437019928 34 20
us -0.016965472818952332 269 251
loose -0.016990741152530877 30 16
bring -0.016997533506803136 89 74
ensemble -0.017032084098969915 28 14
progresses -0.017052713955621163 27 13
jane -0.017073626751823858 26 12
carries -0.017094475162674302 25 11
contemporary -0.017115374552530847 24 10
thrilling -0.017136207371038166 23 9
ideal -0.017157209135934708 22 8
affection -0.017178378462660536 21 7
destined -0.017199483644965555 20 6
feeling -0.017212084804877445 78 63
lucas -0.017220522429697196 19 5
forced -0.01723185887755961 77 62
sincere -0.017241731505482978 18 4
feel-good -0.01726310947598106 17 3
mesmerizing -0.017284423505444874 16 2
affecting -0.017305671320332998 15 1
symbol -0.01732709079189003 14 0
almost -0.01739177155864119 243 225
before -0.01753626233981781 292 273
english -0.017741402048494663 52 37
knows -0.017758495913107214 108 92
upon -0.0177980061230682 106 90
time -0.01780925800729588 502 479
order -0.017817827231803154 105 89
wants -0.01786700920262907 159 142
officer -0.017889518764483775 45 30
prove -0.017910881014253068 44 29
younger -0.01793229434460738 43 28
apartment -0.01799684059867932 40 25
bringing -0.0180184600896146 39 24
army -0.018040245255127128 38 23
one -0.018054683615829736 708 681
support -0.018061969082794116 37 22
relatively -0.01808362927528926 36 21
same -0.01810440455444723 258 239
finding -0.018105457918554016 35 20
existence -0.018149388036838836 33 18
opera -0.018193299943119478 31 16
perspective -0.01821550908622748 30 15
sky -0.018281998511218898 27 12
call -0.018286206383344245 82 66
pleasant -0.01830442430803928 26 11
viewed -0.01832678944849291 25 10
local -0.01832821073443773 80 64
independent -0.018349091573169673 24 9
novel -0.018370189001109483 78 62
realism -0.018371566212761224 23 8
gradually -0.018394095976947585 22 7
raw -0.01843931953057955 20 5
uses -0.01845494660992608 74 58
tremendous -0.01846201588561442 19 4
troubles -0.018484768183499884 18 3
create -0.018497620415896546 72 56
dazzling -0.01850769321743691 17 2
fascination -0.018530439254029602 16 1
viewer -0.018605169261404902 67 51
our -0.01861483985711687 175 157
directed -0.018651125465347085 119 102
keeps -0.018670303478976254 64 48
otherwise -0.01873589327216274 61 45
escape -0.018757859767845268 60 44
major -0.01892099660399507 106 89
beginning -0.018984386764819283 103 86
central -0.019002928829705397 49 33
fresh -0.01902552634445004 48 32
leader -0.019048177668910017 47 31
sister -0.019070880827639664 46 30
la -0.019093640344574336 45 29
faces -0.019116454251270315 44 28
inspired -0.01916224382700707 42 26
aspects -0.019254602331953648 38 22
mostly -0.0192640608776624 90 73
work -0.01927549706372783 299 278
realizes -0.019277686597081164 37 21
adventure -0.01930094271789347 36 20
white -0.019307819601337317 88 71
hidden -0.01932425501943637 35 19
captured -0.01937104674435766 33 17
single -0.01937383487725 85 68
driver -0.019394528809598594 32 16
sharp -0.019418067876816082 31 15
runs -0.019440301021062867 82 65
technology -0.019441778916077724 30 14
threat -0.01948902690954594 28 12
conventional -0.01951279606743432 27 11
attacks -0.019536738593857888 26 10
politics -0.019560506469131735 25 9
detailed -0.019584450414892735 24 8
voice -0.019597177316766204 75 58
respectively -0.019608453053774108 23 7
shortly -0.01963251460185681 22 6
pays -0.01965663297318376 21 5
everyday -0.019680812986496776 20 4
tad -0.019729351924955736 18 2
astounding -0.01975370896602164 17 1
took -0.01975649642063891 68 51
nice -0.019802660539728317 117 99
king -0.019988916444323032 58 41
fear -0.020107132504986067 53 36
theme -0.02013094416962602 52 35
surprised -0.020202716476456502 49 32
date -0.020226755210929155 48 31
moments -0.020288958137279517 145 126
high -0.020310647946719163 144 125
century -0.02032348264959736 44 27
sam -0.020347694502329462 43 26
animated -0.020372192972372048 42 25
fantasy -0.020396636968684337 41 24
result -0.020408906941444857 90 72
magic -0.020470319846240696 38 21
feels -0.020478566154579075 87 69
soul -0.020495000039685372 37 20
lets -0.020519739818775824 36 19
loving -0.02056939662555255 34 17
structure -0.0205943164563497 33 16
i've -0.020619242387211717 130 111
intensity -0.020644337706666325 31 14
tradition -0.020669437171056015 30 13
seeing -0.02068659304771875 127 108
unusual -0.02069460014656319 29 12
focuses -0.020719824465761365 28 11
experiences -0.020745110353252928 27 10
ways -0.020762026468560527 75 57
raised -0.020770455614496714 26 9
opens -0.020786003369611394 74 56
near -0.020858265209837717 71 53
views -0.020872350487470808 22 5
exceptional -0.020898126429100983 21 4
husband -0.02090660916763687 69 51
imaginative -0.02092384966451368 20 3
various -0.021053444425162993 63 45
rated -0.021227135600326436 56 38
long -0.021256865024095295 245 223
common -0.02127743442820594 54 36
choice -0.02130261730432552 53 35
musical -0.021429314001517756 48 30
loved -0.02145485803958918 47 29
search -0.021480575644747472 46 28
way -0.021559725613945147 418 392
reveal -0.02163549677359941 40 22
surprise -0.02167792627502889 85 66
fun -0.021683868627002972 178 157
intense -0.021687633288844904 38 20
honest -0.021740024198907266 36 18
sense -0.02175124941113296 175 154
visit -0.02176619810708664 35 17
easy -0.02177731706210935 81 62
books -0.021819084390046303 33 15
strength -0.02184556657314544 32 14
score -0.02185245974086475 78 59
initially -0.02189872172665375 30 12
luckily -0.021925397702778612 29 11
friendship -0.02195213875157997 28 10
sequence -0.02195475738578781 120 100
extraordinary -0.021978827373891754 27 9
freedom -0.022005814456219776 26 8
strange -0.022029938344537217 71 52
cinema -0.022055400674733383 70 51
ordinary -0.022059755880814838 24 6
clever -0.022081034256074994 69 50
nearly -0.02212488078029176 113 93
vulnerable -0.022195652053671907 19 1
country -0.02231444124948037 60 41
proves -0.022446368345658163 55 36
drama -0.02247283417764255 99 79
ben -0.022526095532354996 52 33
kids -0.022548847259170113 96 76
touch -0.02255294754953916 51 32
lies -0.02260650413352422 49 30
generally -0.022633435581608317 48 29
experience -0.022651111646818503 92 72
considered -0.022714613739313667 45 26
success -0.02280598382725453 86 66
born -0.022823878247642364 41 22
feature -0.022884271358232205 83 63
spectacular -0.02290643038972726 38 19
robert -0.022936764018877565 81 61
successful -0.02304247262591823 77 57
court -0.023129519282869174 30 11
lonely -0.02315771198859722 29 10
special -0.023183362991562068 159 137
mature -0.023242701297232653 26 7
person -0.023269751996428334 112 91
those -0.023289362624796583 285 260
which -0.023406086910337853 539 508
religion -0.023414449154554262 20 1
depth -0.023475234084119112 61 41
over -0.023489593299789335 362 335
cast -0.023623123587369815 227 203
school -0.023636445790204144 98 77
dream -0.0237258831791061 52 32
game -0.0237433474960152 94 73
martin -0.023754176416018277 51 31
creating -0.02381062571361478 49 29
surprising -0.023839008818625565 48 28
carry -0.02386745967493347 47 27
named -0.023966318239185547 128 106
edge -0.02398194274578801 43 23
everything -0.02402209392074206 168 145
1997 -0.024068527730490667 40 20
being -0.024076103103676028 334 307
teacher -0.02409752942634624 39 19
pain -0.0241267147698587 38 18
release -0.02415298939897985 79 58
thankfully -0.024155740228217995 37 17
due -0.02420868023380922 77 56
pulp -0.02421423575277528 35 15
comes -0.02426125717175276 242 217
refuses -0.024273012474874837 33 13
learn -0.0242926970359032 74 53
touches -0.024302509383721468 32 12
harris -0.024391429009236045 29 9
innocence -0.02442121461394186 28 8
realize -0.02443403037272599 69 48
faced -0.024451073056627692 27 7
take -0.02446031884170652 275 249
production -0.024472885550984272 109 87
above -0.024491023640372117 67 46
controversial -0.024511006662390897 25 5
captures -0.02454108522234606 24 4
indeed -0.024663615558162065 61 40
fiction -0.02478003377916886 57 36
language -0.0248975563138056 53 32
home -0.024923384384966524 174 150
private -0.024956735206606878 51 30
behind -0.02498767097758281 131 108
past -0.025124258774669672 126 103
buy -0.02519629982261453 43 22
helps -0.02525690920453362 41 20
your -0.025268616515254028 241 215
holds -0.025287324831373022 40 19
entertainment -0.025288733818081305 80 58
believes -0.02531781380647768 39 18
happy -0.02534701035735909 78 56
worth -0.025373726900341828 117 94
means -0.025376138059428927 77 55
greater -0.025379009940210032 37 16
understand -0.025405553323792407 76 54
vision -0.025409720552114733 36 15
tony -0.025440505582625523 35 14
cameron -0.025471362356069727 34 13
doubt -0.025493768910237247 73 51
ones -0.025553105047186817 71 49
endearing -0.025595550589326607 30 9
day -0.02562928564903902 187 162
poignant -0.025784121900362965 24 3
married -0.025792785237119364 63 41
setting -0.02585341096318885 61 39
ride -0.025944882930963184 58 36
men -0.025947376895306407 136 112
version -0.026004913828505505 95 72
himself -0.02602751875613679 211 185
atmosphere -0.026037004507726592 55 33
key -0.026067858237025475 54 32
thanks -0.02612967083617382 52 30
turn -0.026173769931996785 128 104
appreciate -0.026317339843796597 46 24
pure -0.026348861982772216 45 23
easily -0.0263626153458712 83 60
perhaps -0.02638675411072358 159 134
loves -0.026443880104183394 42 20
speech -0.026475706305415975 41 19
visually -0.026507609211504465 40 18
wars -0.026539472513996507 39 17
less -0.026611467928735172 151 126
struggle -0.026635990381964975 36 14
parents -0.02669915391953745 72 49
tragedy -0.026700646911667462 34 12
art -0.026761399421841643 70 47
traditional -0.026798109379915207 31 9
fits -0.026896520079863963 28 6
damon -0.026995536796325027 25 3
puts -0.027044509999807828 61 38
approach -0.027108376787772212 59 36
among -0.027150962700856138 95 71
song -0.027301343970873318 53 30
direction -0.027459167581365254 122 97
disturbing -0.027530224045928104 46 23
using -0.027587930810467967 81 57
process -0.027596177243564515 44 21
frightening -0.027629330779505787 43 20
whose -0.0276612606873414 152 126
light -0.02774752838171178 76 52
understanding -0.027965408872506602 33 10
nomination -0.02803346822163827 31 8
keep -0.02804922566534912 139 113
beautifully -0.02817082102306814 27 4
death -0.028201459123762096 134 108
exciting -0.028203956956576043 62 38
flawless -0.028205485941690006 26 3
leave -0.02836265125843837 93 68
beauty -0.028607405092998646 50 26
incredible -0.02864154825371909 49 25
child -0.028688140151028538 83 58
issues -0.028813490686168723 44 20
detail -0.028848127880388142 43 19
artist -0.028987510159685148 39 15
remarkable -0.02905770595873517 37 13
winner -0.02916375875370149 34 10
refreshing -0.029270355062651146 31 7
breathtaking -0.029341929202495207 29 5
typical -0.02936206115280808 63 38
magnificent -0.029413857701085046 27 3
modern -0.029431200570759264 61 36
though -0.029483868771910393 266 235
bill -0.029500663068645752 59 34
enjoy -0.029581250190556033 91 65
led -0.029640579811545414 55 30
today -0.029817354238363625 50 25
fully -0.029996250016489992 45 20
stunning -0.03003228778705108 44 19
events -0.030059982664367463 77 51
emotions -0.030068412260519584 43 18
culture -0.03014091910505828 41 16
its -0.030169421399702245 444 407
compelling -0.03017730556471193 40 15
believe -0.030239857156177913 139 111
follow -0.030305376447177755 70 44
cold -0.030376082775068612 68 42
anger -0.03054605078258577 30 5
minor -0.03059064752752748 62 36
sweet -0.030735306739782718 58 32
society -0.03077168645446751 57 31
deal -0.03087729132681505 87 60
presented -0.031028769134325687 50 24
based -0.03106827349912092 147 118
short -0.03111369716148013 113 85
important -0.031126484244058422 80 53
fascinating -0.031140154268900627 47 21
compared -0.031215047117372347 45 19
towards -0.031234407752805587 77 50
nature -0.0313433045472779 74 47
joy -0.031479623763492434 38 12
subject -0.03160010798952733 67 40
however -0.03198768950709435 279 245
slowly -0.032012159217255684 56 29
images -0.03216471495636869 52 25
normal -0.03224165333645719 50 23
themselves -0.03231478556233598 111 82
academy -0.032318731810919765 48 21
use -0.032365305149522905 141 111
follows -0.03244788521636784 76 48
place -0.03245727549576591 201 169
son -0.03253220252749721 105 76
inside -0.03256098535236035 73 45
- -0.032622734936624986 196 164
contrast -0.03275010235636694 37 10
slightly -0.03275143514876134 68 40
attention -0.03278981928693474 98 69
soundtrack -0.032828238192628215 66 38
finest -0.03299010302909159 31 4
whether -0.03308915295786001 90 61
told -0.03316484052838889 88 59
pace -0.03325730302698027 55 27
supporting -0.03344795611962305 111 81
frank -0.03349592194292623 49 21
making -0.033522683377538415 200 167
power -0.033548543860999994 78 49
music -0.03357114557197946 138 107
witty -0.033576264812387194 47 19
rich -0.03362646275838698 76 47
; -0.03365491277645344 317 280
particularly -0.03374900670469659 103 73
epic -0.03381961512358342 41 13
other -0.033846911939642954 461 419
force -0.0339015478957593 69 40
sees -0.034141038004633056 63 34
clearly -0.03418128368959591 62 33
turns -0.034264560730547455 149 117
enjoyed -0.03446567478637531 55 26
touching -0.034713235385530436 49 20
known -0.03481536073860629 105 74
done -0.03483211031174177 163 130
themes -0.0348383522681785 46 17
enjoyable -0.034846752949132864 75 45
help -0.03494704740870702 189 155
general -0.03500943122818363 71 41
emotionally -0.03504889967918115 41 12
comic -0.035323832654085674 121 89
films -0.03543325681924603 348 308
friends -0.035441211061033207 118 86
emotional -0.0355338728916577 87 56
entire -0.03554492978417409 144 111
chemistry -0.035633132611995015 56 26
fine -0.03563858761045184 113 81
unique -0.035675623931740286 55 25
find -0.03594363613950538 247 210
animation -0.036148538350240234 44 14
mind -0.036251320055752184 154 120
these -0.036303220247876467 349 308
view -0.0364104135629191 66 35
era -0.03650042636285902 36 6
highly -0.036625412036646515 61 30
feel -0.03671103242214238 170 135
eyes -0.036978993899370746 108 75
amazing -0.03708416716688455 78 46
definitely -0.03717043978372309 76 44
mood -0.037196785442056596 48 17
first -0.0372097343542247 431 386
leads -0.03727149383439142 101 68
satisfying -0.03751201152121518 41 10
reality -0.03751902016135854 68 36
story -0.03767857576506356 443 397
entertaining -0.03769849235674007 118 84
lives -0.03782432660970146 115 81
brings -0.03782684897050294 88 55
famous -0.03782953361673708 61 29
similar -0.03800110755440769 84 51
natural -0.03814534618920815 54 22
moving -0.03839912286143946 75 42
despite -0.03840300647107611 128 93
color -0.0384662455457261 47 15
eventually -0.03846629743112222 100 66
side -0.03852984901809553 125 90
cinematography -0.03875997928299807 67 34
year -0.03893935842510221 194 156
greatest -0.03894296318964677 63 30
remains -0.03898898057350529 62 29
details -0.039035106853754324 61 28
ever -0.03914390230538167 241 201
able -0.03917798701344993 136 100
role -0.039295980964321825 263 222
political -0.039408075222879535 53 20
age -0.03949411834347477 77 43
several -0.03951393658892796 154 117
future -0.04007398518296111 90 55
somewhat -0.04039792054636122 83 48
including -0.04046477543766695 132 95
rare -0.040773051270699634 50 16
mother -0.040821981632764445 124 87
surprisingly -0.04110163764062805 93 57
during -0.041191142122086744 215 174
without -0.041344479204499324 236 194
created -0.041576498088380355 83 47
share -0.04159843761513887 58 23
man -0.04167278642249789 326 280
relationship -0.041764324362253746 128 90
unlike -0.041817899142347036 78 42
set -0.041864188187552914 199 158
against -0.04223695882330328 142 103
fantastic -0.04225135233317155 45 10
form -0.04231618988833476 92 55
still -0.042599038045825044 302 256
dark -0.04284749727737103 105 67
town -0.042944465229792436 103 65
small -0.043063663527889845 148 108
portrayed -0.04317224429283436 51 15
america -0.04345955671717603 69 32
class -0.04356190446801178 67 30
whom -0.04358489415833271 90 52
ending -0.04362737819698334 136 96
picture -0.04371144259533899 181 139
complex -0.04371634069592886 64 27
wife -0.04412481522618111 172 130
heart -0.04419986646822248 101 62
david -0.04435323111214125 121 81
everyone -0.04435785943956022 167 125
portrayal -0.04445174728922477 50 13
right -0.04453776608798324 255 209
love -0.044578294481184944 277 230
final -0.044596825670146556 139 98
until -0.04482244391848861 180 137
times -0.0448596705443392 202 158
beautiful -0.04495145170556335 109 69
deserves -0.04497800730984164 63 25
flaws -0.04508475525493495 61 23
sets -0.04515435615363453 105 65
well -0.04527176826929935 419 365
people -0.04582295101717515 360 308
delivers -0.046025863444901755 66 27
visual -0.04652008272237262 79 39
new -0.04719564639196161 327 275
will -0.047278564042895266 455 397
each -0.04755577673057615 211 164
takes -0.047580781833991864 232 184
personal -0.04776677920684506 78 37
period -0.047798778789696 56 16
does -0.04792852119873042 417 360
often -0.047991818807158595 138 94
truly -0.048134569053291 114 71
together -0.048288812150482 196 149
change -0.04845239176433905 87 45
solid -0.04884692617809305 80 38
superb -0.049082358727623135 55 14
simple -0.04939281615148686 112 68
see -0.04940311111715695 423 364
realistic -0.04989159024542095 62 20
classic -0.05037436678388528 115 70
makes -0.05072550752072186 311 256
begins -0.05073946074889818 149 102
him -0.05117018537671325 482 418
war -0.05176541495466465 91 46
allows -0.052518097339886945 59 15
while -0.05342525694908884 410 347
gives -0.05349993462244204 178 127
terrific -0.05355233043395357 62 17
powerful -0.05356344938897628 81 35
wonderfully -0.054132253401922986 53 8
history -0.054191965467006956 90 43
outstanding -0.054459894918037655 48 3
become -0.054794137014827354 193 140
human -0.05560017386253968 142 91
always -0.055627007723960314 197 143
father -0.05635288266382152 148 96
extremely -0.056448395020750344 110 60
job -0.05680413804473983 195 140
overall -0.05702530936286526 83 34
between -0.05721209493679691 296 235
years -0.05748703574826419 273 213
tale -0.05833560397195508 99 48
yet -0.05878084311295079 215 157
wonderful -0.059925704933156757 93 41
oscar -0.0613973630476924 89 36
especially -0.06324545816539354 178 118
seen -0.06374007404461729 284 217
subtle -0.0637760324697327 73 19
strong -0.0643927260288108 113 56
memorable -0.06453854281198722 79 24
may -0.06472563365385486 268 201
shows -0.06522885364106858 165 104
effective -0.06565404540359804 96 39
works -0.06607705239893397 153 92
young -0.06628930844494324 228 162
excellent -0.06649676132160359 85 28
sometimes -0.06695627901615124 110 51
quite -0.06821983862821876 215 148
most -0.06910127434354962 517 429
american -0.06980832121292213 163 98
others -0.07237432897061057 130 65
own -0.0731093993683744 277 201
throughout -0.07328470474702604 133 67
very -0.07341970956544513 428 341
different -0.07371190140747723 170 101
brilliant -0.07513638431838265 97 32
perfectly -0.07522348768646711 96 31
hilarious -0.07581124203386155 103 37
family -0.08089507191878269 177 101
performance -0.0818945068205566 280 195
although -0.08210243494107364 252 169
true -0.08220845427435824 162 86
also -0.0831096524435938 478 376
performances -0.08682696361050427 185 103
best -0.09037269956641014 391 288
many -0.09187370446941828 361 259
perfect -0.09552213212350519 143 57
great -0.0978890071257173 325 220
world -0.10280366249907338 284 178
both -0.1111727465298186 311 194
life -0.11852418439931711 380 248
