life 0.11852418439931711 380 248
both 0.1111727465298186 311 194
world 0.10280366249907338 284 178
great 0.0978890071257173 325 220
perfect 0.09552213212350519 143 57
many 0.09187370446941828 361 259
best 0.09037269956641014 391 288
performances 0.08682696361050427 185 103
also 0.0831096524435938 478 376
true 0.08220845427435824 162 86
although 0.08210243494107364 252 169
performance 0.0818945068205566 280 195
family 0.08089507191878269 177 101
hilarious 0.07581124203386155 103 37
perfectly 0.07522348768646711 96 31
brilliant 0.07513638431838265 97 32
different 0.07371190140747723 170 101
very 0.07341970956544513 428 341
throughout 0.07328470474702604 133 67
own 0.0731093993683744 277 201
others 0.07237432897061057 130 65
american 0.06980832121292213 163 98
most 0.06910127434354962 517 429
quite 0.06821983862821876 215 148
sometimes 0.06695627901615124 110 51
excellent 0.06649676132160359 85 28
young 0.06628930844494324 228 162
works 0.06607705239893397 153 92
effective 0.06565404540359804 96 39
shows 0.06522885364106858 165 104
may 0.06472563365385486 268 201
memorable 0.06453854281198722 79 24
strong 0.0643927260288108 113 56
subtle 0.0637760324697327 73 19
seen 0.06374007404461729 284 217
especially 0.06324545816539354 178 118
oscar 0.0613973630476924 89 36
wonderful 0.059925704933156757 93 41
yet 0.05878084311295079 215 157
tale 0.05833560397195508 99 48
years 0.05748703574826419 273 213
between 0.05721209493679691 296 235
overall 0.05702530936286526 83 34
job 0.05680413804473983 195 140
extremely 0.056448395020750344 110 60
father 0.05635288266382152 148 96
always 0.055627007723960314 197 143
human 0.05560017386253968 142 91
become 0.054794137014827354 193 140
outstanding 0.054459894918037655 48 3
history 0.054191965467006956 90 43
wonderfully 0.054132253401922986 53 8
powerful 0.05356344938897628 81 35
terrific 0.05355233043395357 62 17
gives 0.05349993462244204 178 127
while 0.05342525694908884 410 347
allows 0.052518097339886945 59 15
war 0.05176541495466465 91 46
him 0.05117018537671325 482 418
begins 0.05073946074889818 149 102
makes 0.05072550752072186 311 256
classic 0.05037436678388528 115 70
realistic 0.04989159024542095 62 20
see 0.04940311111715695 423 364
simple 0.04939281615148686 112 68
superb 0.049082358727623135 55 14
solid 0.04884692617809305 80 38
change 0.04845239176433905 87 45
together 0.048288812150482 196 149
truly 0.048134569053291 114 71
often 0.047991818807158595 138 94
does 0.04792852119873042 417 360
period 0.047798778789696 56 16
personal 0.04776677920684506 78 37
takes 0.047580781833991864 232 184
each 0.04755577673057615 211 164
will 0.047278564042895266 455 397
new 0.04719564639196161 327 275
visual 0.04652008272237262 79 39
delivers 0.046025863444901755 66 27
people 0.04582295101717515 360 308
well 0.04527176826929935 419 365
sets 0.04515435615363453 105 65
flaws 0.04508475525493495 61 23
deserves 0.04497800730984164 63 25
beautiful 0.04495145170556335 109 69
times 0.0448596705443392 202 158
until 0.04482244391848861 180 137
final 0.044596825670146556 139 98
love 0.044578294481184944 277 230
right 0.04453776608798324 255 209
portrayal 0.04445174728922477 50 13
everyone 0.04435785943956022 167 125
david 0.04435323111214125 121 81
heart 0.04419986646822248 101 62
wife 0.04412481522618111 172 130
complex 0.04371634069592886 64 27
picture 0.04371144259533899 181 139
ending 0.04362737819698334 136 96
whom 0.04358489415833271 90 52
class 0.04356190446801178 67 30
america 0.04345955671717603 69 32
portrayed 0.04317224429283436 51 15
small 0.043063663527889845 148 108
town 0.042944465229792436 103 65
dark 0.04284749727737103 105 67
still 0.042599038045825044 302 256
form 0.04231618988833476 92 55
fantastic 0.04225135233317155 45 10
against 0.04223695882330328 142 103
set 0.041864188187552914 199 158
unlike 0.041817899142347036 78 42
relationship 0.041764324362253746 128 90
man 0.04167278642249789 326 280
share 0.04159843761513887 58 23
created 0.041576498088380355 83 47
without 0.041344479204499324 236 194
during 0.041191142122086744 215 174
surprisingly 0.04110163764062805 93 57
mother 0.040821981632764445 124 87
rare 0.040773051270699634 50 16
including 0.04046477543766695 132 95
somewhat 0.04039792054636122 83 48
future 0.04007398518296111 90 55
several 0.03951393658892796 154 117
age 0.03949411834347477 77 43
political 0.039408075222879535 53 20
role 0.039295980964321825 263 222
able 0.03917798701344993 136 100
ever 0.03914390230538167 241 201
details 0.039035106853754324 61 28
remains 0.03898898057350529 62 29
greatest 0.03894296318964677 63 30
year 0.03893935842510221 194 156
cinematography 0.03875997928299807 67 34
side 0.03852984901809553 125 90
eventually 0.03846629743112222 100 66
color 0.0384662455457261 47 15
despite 0.03840300647107611 128 93
moving 0.03839912286143946 75 42
natural 0.03814534618920815 54 22
similar 0.03800110755440769 84 51
famous 0.03782953361673708 61 29
brings 0.03782684897050294 88 55
lives 0.03782432660970146 115 81
entertaining 0.03769849235674007 118 84
story 0.03767857576506356 443 397
reality 0.03751902016135854 68 36
satisfying 0.03751201152121518 41 10
leads 0.03727149383439142 101 68
first 0.0372097343542247 431 386
mood 0.037196785442056596 48 17
definitely 0.03717043978372309 76 44
amazing 0.03708416716688455 78 46
eyes 0.036978993899370746 108 75
feel 0.03671103242214238 170 135
highly 0.036625412036646515 61 30
era 0.03650042636285902 36 6
view 0.0364104135629191 66 35
these 0.036303220247876467 349 308
mind 0.036251320055752184 154 120
animation 0.036148538350240234 44 14
find 0.03594363613950538 247 210
unique 0.035675623931740286 55 25
fine 0.03563858761045184 113 81
chemistry 0.035633132611995015 56 26
entire 0.03554492978417409 144 111
emotional 0.0355338728916577 87 56
friends 0.035441211061033207 118 86
films 0.03543325681924603 348 308
comic 0.035323832654085674 121 89
emotionally 0.03504889967918115 41 12
general 0.03500943122818363 71 41
help 0.03494704740870702 189 155
enjoyable 0.034846752949132864 75 45
themes 0.0348383522681785 46 17
done 0.03483211031174177 163 130
known 0.03481536073860629 105 74
touching 0.034713235385530436 49 20
enjoyed 0.03446567478637531 55 26
turns 0.034264560730547455 149 117
clearly 0.03418128368959591 62 33
sees 0.034141038004633056 63 34
force 0.0339015478957593 69 40
other 0.033846911939642954 461 419
epic 0.03381961512358342 41 13
particularly 0.03374900670469659 103 73
; 0.03365491277645344 317 280
rich 0.03362646275838698 76 47
witty 0.033576264812387194 47 19
music 0.03357114557197946 138 107
power 0.033548543860999994 78 49
making 0.033522683377538415 200 167
frank 0.03349592194292623 49 21
supporting 0.03344795611962305 111 81
pace 0.03325730302698027 55 27
told 0.03316484052838889 88 59
whether 0.03308915295786001 90 61
finest 0.03299010302909159 31 4
soundtrack 0.032828238192628215 66 38
attention 0.03278981928693474 98 69
slightly 0.03275143514876134 68 40
contrast 0.03275010235636694 37 10
- 0.032622734936624986 196 164
inside 0.03256098535236035 73 45
son 0.03253220252749721 105 76
place 0.03245727549576591 201 169
follows 0.03244788521636784 76 48
use 0.032365305149522905 141 111
academy 0.032318731810919765 48 21
themselves 0.03231478556233598 111 82
normal 0.03224165333645719 50 23
images 0.03216471495636869 52 25
slowly 0.032012159217255684 56 29
however 0.03198768950709435 279 245
subject 0.03160010798952733 67 40
joy 0.031479623763492434 38 12
nature 0.0313433045472779 74 47
towards 0.031234407752805587 77 50
compared 0.031215047117372347 45 19
fascinating 0.031140154268900627 47 21
important 0.031126484244058422 80 53
short 0.03111369716148013 113 85
based 0.03106827349912092 147 118
presented 0.031028769134325687 50 24
deal 0.03087729132681505 87 60
society 0.03077168645446751 57 31
sweet 0.030735306739782718 58 32
minor 0.03059064752752748 62 36
anger 0.03054605078258577 30 5
cold 0.030376082775068612 68 42
follow 0.030305376447177755 70 44
believe 0.030239857156177913 139 111
compelling 0.03017730556471193 40 15
its 0.030169421399702245 444 407
culture 0.03014091910505828 41 16
emotions 0.030068412260519584 43 18
events 0.030059982664367463 77 51
stunning 0.03003228778705108 44 19
fully 0.029996250016489992 45 20
today 0.029817354238363625 50 25
led 0.029640579811545414 55 30
enjoy 0.029581250190556033 91 65
bill 0.029500663068645752 59 34
though 0.029483868771910393 266 235
modern 0.029431200570759264 61 36
magnificent 0.029413857701085046 27 3
typical 0.02936206115280808 63 38
breathtaking 0.029341929202495207 29 5
refreshing 0.029270355062651146 31 7
winner 0.02916375875370149 34 10
remarkable 0.02905770595873517 37 13
artist 0.028987510159685148 39 15
detail 0.028848127880388142 43 19
issues 0.028813490686168723 44 20
child 0.028688140151028538 83 58
incredible 0.02864154825371909 49 25
beauty 0.028607405092998646 50 26
leave 0.02836265125843837 93 68
flawless 0.028205485941690006 26 3
exciting 0.028203956956576043 62 38
death 0.028201459123762096 134 108
beautifully 0.02817082102306814 27 4
keep 0.02804922566534912 139 113
nomination 0.02803346822163827 31 8
understanding 0.027965408872506602 33 10
light 0.02774752838171178 76 52
whose 0.0276612606873414 152 126
frightening 0.027629330779505787 43 20
process 0.027596177243564515 44 21
using 0.027587930810467967 81 57
disturbing 0.027530224045928104 46 23
direction 0.027459167581365254 122 97
song 0.027301343970873318 53 30
among 0.027150962700856138 95 71
approach 0.027108376787772212 59 36
puts 0.027044509999807828 61 38
damon 0.026995536796325027 25 3
fits 0.026896520079863963 28 6
traditional 0.026798109379915207 31 9
art 0.026761399421841643 70 47
tragedy 0.026700646911667462 34 12
parents 0.02669915391953745 72 49
struggle 0.026635990381964975 36 14
less 0.026611467928735172 151 126
wars 0.026539472513996507 39 17
visually 0.026507609211504465 40 18
speech 0.026475706305415975 41 19
loves 0.026443880104183394 42 20
perhaps 0.02638675411072358 159 134
easily 0.0263626153458712 83 60
pure 0.026348861982772216 45 23
appreciate 0.026317339843796597 46 24
turn 0.026173769931996785 128 104
thanks 0.02612967083617382 52 30
key 0.026067858237025475 54 32
atmosphere 0.026037004507726592 55 33
himself 0.02602751875613679 211 185
version 0.026004913828505505 95 72
men 0.025947376895306407 136 112
ride 0.025944882930963184 58 36
setting 0.02585341096318885 61 39
married 0.025792785237119364 63 41
poignant 0.025784121900362965 24 3
day 0.02562928564903902 187 162
endearing 0.025595550589326607 30 9
ones 0.025553105047186817 71 49
doubt 0.025493768910237247 73 51
cameron 0.025471362356069727 34 13
tony 0.025440505582625523 35 14
vision 0.025409720552114733 36 15
understand 0.025405553323792407 76 54
greater 0.025379009940210032 37 16
means 0.025376138059428927 77 55
worth 0.025373726900341828 117 94
happy 0.02534701035735909 78 56
believes 0.02531781380647768 39 18
entertainment 0.025288733818081305 80 58
holds 0.025287324831373022 40 19
your 0.025268616515254028 241 215
helps 0.02525690920453362 41 20
buy 0.02519629982261453 43 22
past 0.025124258774669672 126 103
behind 0.02498767097758281 131 108
private 0.024956735206606878 51 30
home 0.024923384384966524 174 150
language 0.0248975563138056 53 32
fiction 0.02478003377916886 57 36
indeed 0.024663615558162065 61 40
captures 0.02454108522234606 24 4
controversial 0.024511006662390897 25 5
above 0.024491023640372117 67 46
production 0.024472885550984272 109 87
take 0.02446031884170652 275 249
faced 0.024451073056627692 27 7
realize 0.02443403037272599 69 48
innocence 0.02442121461394186 28 8
harris 0.024391429009236045 29 9
touches 0.024302509383721468 32 12
learn 0.0242926970359032 74 53
refuses 0.024273012474874837 33 13
comes 0.02426125717175276 242 217
pulp 0.02421423575277528 35 15
due 0.02420868023380922 77 56
thankfully 0.024155740228217995 37 17
release 0.02415298939897985 79 58
pain 0.0241267147698587 38 18
teacher 0.02409752942634624 39 19
being 0.024076103103676028 334 307
1997 0.024068527730490667 40 20
everything 0.02402209392074206 168 145
edge 0.02398194274578801 43 23
named 0.023966318239185547 128 106
carry 0.02386745967493347 47 27
surprising 0.023839008818625565 48 28
creating 0.02381062571361478 49 29
martin 0.023754176416018277 51 31
game 0.0237433474960152 94 73
dream 0.0237258831791061 52 32
school 0.023636445790204144 98 77
cast 0.023623123587369815 227 203
over 0.023489593299789335 362 335
depth 0.023475234084119112 61 41
religion 0.023414449154554262 20 1
which 0.023406086910337853 539 508
those 0.023289362624796583 285 260
person 0.023269751996428334 112 91
mature 0.023242701297232653 26 7
special 0.023183362991562068 159 137
lonely 0.02315771198859722 29 10
court 0.023129519282869174 30 11
successful 0.02304247262591823 77 57
robert 0.022936764018877565 81 61
spectacular 0.02290643038972726 38 19
feature 0.022884271358232205 83 63
born 0.022823878247642364 41 22
success 0.02280598382725453 86 66
considered 0.022714613739313667 45 26
experience 0.022651111646818503 92 72
generally 0.022633435581608317 48 29
lies 0.02260650413352422 49 30
touch 0.02255294754953916 51 32
kids 0.022548847259170113 96 76
ben 0.022526095532354996 52 33
drama 0.02247283417764255 99 79
proves 0.022446368345658163 55 36
country 0.02231444124948037 60 41
vulnerable 0.022195652053671907 19 1
nearly 0.02212488078029176 113 93
clever 0.022081034256074994 69 50
ordinary 0.022059755880814838 24 6
cinema 0.022055400674733383 70 51
strange 0.022029938344537217 71 52
freedom 0.022005814456219776 26 8
extraordinary 0.021978827373891754 27 9
sequence 0.02195475738578781 120 100
friendship 0.02195213875157997 28 10
luckily 0.021925397702778612 29 11
initially 0.02189872172665375 30 12
score 0.02185245974086475 78 59
strength 0.02184556657314544 32 14
books 0.021819084390046303 33 15
easy 0.02177731706210935 81 62
visit 0.02176619810708664 35 17
sense 0.02175124941113296 175 154
honest 0.021740024198907266 36 18
intense 0.021687633288844904 38 20
fun 0.021683868627002972 178 157
surprise 0.02167792627502889 85 66
reveal 0.02163549677359941 40 22
way 0.021559725613945147 418 392
search 0.021480575644747472 46 28
loved 0.02145485803958918 47 29
musical 0.021429314001517756 48 30
choice 0.02130261730432552 53 35
common 0.02127743442820594 54 36
long 0.021256865024095295 245 223
rated 0.021227135600326436 56 38
various 0.021053444425162993 63 45
imaginative 0.02092384966451368 20 3
husband 0.02090660916763687 69 51
exceptional 0.020898126429100983 21 4
views 0.020872350487470808 22 5
near 0.020858265209837717 71 53
opens 0.020786003369611394 74 56
raised 0.020770455614496714 26 9
ways 0.020762026468560527 75 57
experiences 0.020745110353252928 27 10
focuses 0.020719824465761365 28 11
unusual 0.02069460014656319 29 12
seeing 0.02068659304771875 127 108
tradition 0.020669437171056015 30 13
intensity 0.020644337706666325 31 14
i've 0.020619242387211717 130 111
structure 0.0205943164563497 33 16
loving 0.02056939662555255 34 17
lets 0.020519739818775824 36 19
soul 0.020495000039685372 37 20
feels 0.020478566154579075 87 69
magic 0.020470319846240696 38 21
result 0.020408906941444857 90 72
fantasy 0.020396636968684337 41 24
animated 0.020372192972372048 42 25
sam 0.020347694502329462 43 26
century 0.02032348264959736 44 27
high 0.020310647946719163 144 125
moments 0.020288958137279517 145 126
date 0.020226755210929155 48 31
surprised 0.020202716476456502 49 32
theme 0.02013094416962602 52 35
fear 0.020107132504986067 53 36
king 0.019988916444323032 58 41
nice 0.019802660539728317 117 99
took 0.01975649642063891 68 51
astounding 0.01975370896602164 17 1
tad 0.019729351924955736 18 2
everyday 0.019680812986496776 20 4
pays 0.01965663297318376 21 5
shortly 0.01963251460185681 22 6
respectively 0.019608453053774108 23 7
voice 0.019597177316766204 75 58
detailed 0.019584450414892735 24 8
politics 0.019560506469131735 25 9
attacks 0.019536738593857888 26 10
conventional 0.01951279606743432 27 11
threat 0.01948902690954594 28 12
technology 0.019441778916077724 30 14
runs 0.019440301021062867 82 65
sharp 0.019418067876816082 31 15
driver 0.019394528809598594 32 16
single 0.01937383487725 85 68
captured 0.01937104674435766 33 17
hidden 0.01932425501943637 35 19
white 0.019307819601337317 88 71
adventure 0.01930094271789347 36 20
realizes 0.019277686597081164 37 21
work 0.01927549706372783 299 278
mostly 0.0192640608776624 90 73
aspects 0.019254602331953648 38 22
inspired 0.01916224382700707 42 26
faces 0.019116454251270315 44 28
la 0.019093640344574336 45 29
sister 0.019070880827639664 46 30
leader 0.019048177668910017 47 31
fresh 0.01902552634445004 48 32
central 0.019002928829705397 49 33
beginning 0.018984386764819283 103 86
major 0.01892099660399507 106 89
escape 0.018757859767845268 60 44
otherwise 0.01873589327216274 61 45
keeps 0.018670303478976254 64 48
directed 0.018651125465347085 119 102
our 0.01861483985711687 175 157
viewer 0.018605169261404902 67 51
fascination 0.018530439254029602 16 1
dazzling 0.01850769321743691 17 2
create 0.018497620415896546 72 56
troubles 0.018484768183499884 18 3
tremendous 0.01846201588561442 19 4
uses 0.01845494660992608 74 58
raw 0.01843931953057955 20 5
gradually 0.018394095976947585 22 7
realism 0.018371566212761224 23 8
novel 0.018370189001109483 78 62
independent 0.018349091573169673 24 9
local 0.01832821073443773 80 64
viewed 0.01832678944849291 25 10
pleasant 0.01830442430803928 26 11
call 0.018286206383344245 82 66
sky 0.018281998511218898 27 12
perspective 0.01821550908622748 30 15
opera 0.018193299943119478 31 16
existence 0.018149388036838836 33 18
finding 0.018105457918554016 35 20
same 0.01810440455444723 258 239
relatively 0.01808362927528926 36 21
support 0.018061969082794116 37 22
one 0.018054683615829736 708 681
army 0.018040245255127128 38 23
bringing 0.0180184600896146 39 24
apartment 0.01799684059867932 40 25
younger 0.01793229434460738 43 28
prove 0.017910881014253068 44 29
officer 0.017889518764483775 45 30
wants 0.01786700920262907 159 142
order 0.017817827231803154 105 89
time 0.01780925800729588 502 479
upon 0.0177980061230682 106 90
knows 0.017758495913107214 108 92
english 0.017741402048494663 52 37
before 0.01753626233981781 292 273
almost 0.01739177155864119 243 225
symbol 0.01732709079189003 14 0
affecting 0.017305671320332998 15 1
mesmerizing 0.017284423505444874 16 2
feel-good 0.01726310947598106 17 3
sincere 0.017241731505482978 18 4
forced 0.01723185887755961 77 62
lucas 0.017220522429697196 19 5
feeling 0.017212084804877445 78 63
destined 0.017199483644965555 20 6
affection 0.017178378462660536 21 7
ideal 0.017157209135934708 22 8
thrilling 0.017136207371038166 23 9
contemporary 0.017115374552530847 24 10
carries 0.017094475162674302 25 11
jane 0.017073626751823858 26 12
progresses 0.017052713955621163 27 13
ensemble 0.017032084098969915 28 14
bring 0.016997533506803136 89 74
loose 0.016990741152530877 30 16
us 0.016965472818952332 269 251
danny 0.016908656437019928 34 20
award 0.016888144475949808 35 21
grows 0.016867911761002212 36 22
relationships 0.016847612005967596 37 23
filmmaking 0.016786891453314343 40 26
hard 0.016754302298499862 162 146
law 0.016627388816504045 48 34
bit 0.016615111766985324 170 154
provides 0.016588098652281502 50 36
into 0.016579148950868705 537 515
critics 0.016568466418927723 51 37
truth 0.016509849415608742 54 40
state 0.01649040185901801 55 41
joe 0.016470888784987946 56 42
stories 0.01643233496268793 58 44
credit 0.01641306948917569 59 45
brought 0.016355544991896974 62 48
immediately 0.016317307362325256 64 50
clear 0.016222764562698333 69 55
felt 0.016166563656211233 72 58
lovingly 0.016099432536911738 13 0
film 0.016075411649199567 704 680
strongest 0.01605965557174827 15 2
riveting 0.01603983976398902 16 3
blend 0.016020072797964153 17 4
difficult 0.01601868798546484 80 66
essential 0.016000238049565754 18 5
triumph 0.015980686544083203 19 6
enters 0.015961065020056328 20 7
screen 0.01595246707248188 210 194
creation 0.01594149162164766 21 8
engaged 0.015921850294211646 22 9
away 0.015904987566028123 213 197
eager 0.01590249035039934 23 10
conversation 0.01588306026671224 24 11
involving 0.015855302799963014 89 75
drives 0.015844342196226123 26 13
violence 0.015837365776620926 90 76
judge 0.01582505570064287 27 14
ed 0.015786619572440316 29 16
boy 0.015766023397927584 94 80
streets 0.015748371523608615 31 18
individual 0.01571030655582504 33 20
therefore 0.01569134299441572 34 21
marriage 0.01567242696166276 35 22
willing 0.015653554684175692 36 23
design 0.01563472780383609 37 24
days 0.015625249712802075 102 88
forces 0.015559872769635212 41 28
learns 0.015504200643573905 44 31
exception 0.015448811274484907 47 34
stands 0.015430587334969957 48 35
message 0.015412292667636968 49 36
violent 0.015375833169768191 51 38
mysterious 0.015357669762716152 52 39
de 0.015285438109665553 56 43
george 0.015178354859890511 62 49
filled 0.015160653071478014 63 50
rather 0.015159519467566579 196 181
certainly 0.015119012201479487 132 118
soon 0.015086529690372552 134 120
following 0.015003069799402205 72 59
leaving 0.01498588491483635 73 60
deep 0.01495141272020191 75 62
thematic 0.014870147981314 12 0
represent 0.014851743235504462 13 1
matches 0.014833385741898027 14 2
sly 0.014815071830292417 15 3
niro 0.014796803085972116 16 4
fairy 0.014778579342046929 17 5
note 0.014764619939877308 86 73
tour 0.014760402163951759 18 6
uncle 0.014742267919173975 19 7
designer 0.01472417817904345 20 8
reputation 0.014706132779924597 21 9
bet 0.01468813327357282 22 10
back 0.01467914917715385 297 281
choices 0.014670176064580735 23 11
involved 0.014664685904049887 92 79
carried 0.014652262710496817 24 12
providing 0.014634393050861144 25 13
england 0.014616683941247832 26 14
his 0.014608511311195005 716 694
strike 0.014581046335423068 28 16
knowledge 0.014563349860448278 29 17
visuals 0.014545812733020014 30 18
aware 0.014528087143477173 31 19
position 0.014510518909073934 32 20
pleasure 0.014475625480128672 34 22
queen 0.014440670482044185 36 24
toward 0.014371491295592259 40 28
character's 0.014354299532617965 41 29
hand 0.014341129805259811 112 99
directors 0.014320040736910969 43 31
places 0.014302971777094789 44 32
seem 0.014300487850344545 185 171
genuine 0.014268955642625952 46 34
watch 0.014256895338995185 188 174
asks 0.014252009792950819 47 35
believable 0.014218235345845064 49 37
once 0.014213472244536868 191 177
plenty 0.014201408081330066 50 38
six 0.014184734133149211 51 39
fairly 0.014167874357689368 52 40
amount 0.014151166018345915 53 41
finally 0.01413836623386941 125 112
convincing 0.014134497041916015 54 42
written 0.0141076804267041 127 114
control 0.014084726480572338 57 45
questions 0.014051851794160845 59 47
audiences 0.01398622798303989 63 51
large 0.013969946644320191 64 52
turned 0.013761672279226062 77 65
children 0.013667625367167938 83 71
melancholy 0.013639350425098576 11 0
naval 0.013622458679906727 12 1
rousing 0.013605727486919735 13 2
four 0.013590229564162754 88 76
bold 0.013588802000442175 14 3
smooth 0.013572035152275511 15 4
fable 0.013555309630054892 16 5
argument 0.013538743456432934 17 6
closely 0.013521983539042532 18 7
writes 0.013505381078161094 19 8
consequences 0.01348881933732039 20 9
learning 0.013472415759285771 21 10
prime 0.013455818987754215 22 11
magical 0.01343937850836531 23 12
tense 0.013422978154899082 24 13
nights 0.013406734795882853 25 14
answers 0.013390414111397589 26 15
oliver 0.013374017937096024 27 16
murphy 0.013341691152929453 29 18
fame 0.013325528352888572 30 19
extreme 0.013309290042594818 31 20
humanity 0.013293205466469726 32 21
hopes 0.013277275598933783 33 22
meeting 0.013261268403302152 34 23
event 0.013245185682704733 35 24
limited 0.013229255586082123 36 25
innocent 0.013213363762509048 37 26
bond 0.01319762525227354 38 27
attitude 0.013181695890565476 39 28
drug 0.013165918058575012 40 29
has 0.013144400602758788 654 635
detective 0.013134590061588576 42 31
charming 0.013103184130343684 44 33
friend 0.013072069344937348 123 111
ready 0.013056524993611367 47 36
night 0.013001254131182971 128 116
occasionally 0.012994938728122428 51 40
more 0.012949843567605424 598 580
provide 0.012933820377382908 55 44
cannot 0.012918518872681348 56 45
usual 0.012843101918477762 61 50
former 0.012798273509620692 64 53
certain 0.01262215362613732 76 65
living 0.012493025497719273 85 74
genre 0.012478852343104793 86 75
room 0.012464711310937224 87 76
sure 0.012448281827057234 169 157
he 0.012422541256729813 657 639
masterfully 0.012407036139279971 10 0
probably 0.012396841373811918 173 161
mpaa 0.012391661123691302 11 1
edition 0.012376442931322 12 2
film's 0.012371279639161459 175 163
never 0.012367678951132999 338 324
manages 0.01236661706498035 94 83
harrowing 0.012361143745463883 13 3
spacey 0.012345765322425269 14 4
1970s 0.012330541696358287 15 5
snow 0.012315473744440896 16 6
mother's 0.012300324831523707 17 7
roles 0.012297489191424482 99 88
handles 0.012285096698029652 18 8
movement 0.012270022236438034 19 9
setup 0.012255102316681563 20 10
historical 0.012240101473467166 21 11
menace 0.01222502143153879 22 12
tight 0.012210093952767575 23 13
wonders 0.01219531989992079 24 14
passion 0.01218046496603261 25 15
live 0.012175093637537007 108 97
justice 0.012165646177700985 26 16
occur 0.012150748225103987 27 17
their 0.012139742691858024 525 509
claims 0.012136117915912206 28 18
built 0.01212140677279801 29 19
standing 0.012106731252006217 30 20
reminiscent 0.01209197659999061 31 21
rob 0.012077487952182678 32 22
dance 0.012062918522107263 33 23
arrives 0.012048384201170645 34 24
imagination 0.01203377078674267 35 25
technical 0.012019306440717144 36 26
actors 0.012012144693890114 204 192
difference 0.011990596853946496 38 28
hits 0.011976122653548228 39 29
pop 0.01196179647848445 40 30
james 0.011950235778600021 125 114
rarely 0.011904834249148795 44 34
win 0.011890792097935976 45 35
fellow 0.011876669361752412 46 36
latter 0.011862467671819463 47 37
possibly 0.011792521983996641 52 42
mark 0.01164161921877345 63 53
say 0.011628026712084738 237 225
break 0.011627971586400818 64 54
leaves 0.011574137230395354 68 58
real 0.011538578446382619 245 233
decides 0.011494423526282507 74 64
number 0.011441816367278423 78 68
recent 0.011415692333591479 80 70
tells 0.011286736779574785 90 80
her 0.011209035871378337 455 441
gattaca 0.011173319118641145 9 0
house 0.011160872666082594 100 90
deft 0.011159346837872697 10 1
grabs 0.011145645375106575 11 2
maintaining 0.011131859189866148 12 3
globe 0.011118107067446977 13 4
prisoners 0.011104271866508045 14 5
hires 0.011090705810744292 15 6
greatness 0.01107705511953167 16 7
noticed 0.011063437990510827 17 8
matter 0.0110621019518089 108 98
inspiration 0.011049737856306592 18 9
confrontation 0.011036305215799208 19 10
must 0.011027646363128668 202 191
briefly 0.011022788030862958 20 11
universe 0.011009303917251741 21 12
flesh 0.010995736875941055 22 13
soldiers 0.010982435697789283 23 14
nonetheless 0.010969050070070548 24 15
knowing 0.010955697032336006 25 16
haunting 0.010942376465708947 26 17
tell 0.010941069504767253 118 108
decade 0.010929089517585162 27 18
one's 0.010915833535780763 28 19
player 0.01088941780940201 30 21
roll 0.010876259085703562 31 22
added 0.010850034319975756 33 24
reading 0.010823821641377691 35 26
featuring 0.010797963604786964 37 28
sympathetic 0.010785023616929248 38 29
itself 0.010752832575162213 134 124
jones 0.010746390295459686 41 32
such 0.010723953080772841 324 312
manner 0.010720674342485859 43 34
pictures 0.010708032767614707 44 35
opinion 0.010682612039960508 46 37
fire 0.010669834422659931 47 38
average 0.01065731292806009 48 39
member 0.01063213216564135 50 41
by 0.01056114446250711 722 706
hands 0.010557301177666505 56 47
blood 0.01052027813549071 59 50
ultimately 0.010495741200472697 61 52
previous 0.010434894984410789 66 57
theater 0.010291703620280465 78 69
meets 0.010268219034220705 80 71
lead 0.01009544782484574 95 86
who 0.010090941308031565 693 678
hope 0.010084135948232889 96 87
go 0.010050304327078208 299 288
opening 0.009994547543196314 104 95
online 0.009937960276918085 8 0
hawthorne 0.009925629817233871 9 1
group 0.0099174536802967 111 102
conservative 0.00991333108928797 10 2
jews 0.009901061633650725 11 3
racist 0.009888822511849242 12 4
actor's 0.009876613611529753 13 5
paxton 0.00986443598089405 14 6
scene 0.009852351144508942 321 310
newest 0.009852287185835066 15 7
painting 0.00984016827851879 16 8
beings 0.009828079148787767 17 9
awards 0.009816020835667766 18 10
scared 0.009803990929980603 19 11
demonstrates 0.009791990474647533 20 12
beloved 0.009780019361654006 21 13
challenge 0.00975616586793904 23 15
chinese 0.009744282136373943 24 16
disappointed 0.009732427320343968 25 17
range 0.009720717758190122 26 18
spot 0.00970880513745372 27 19
found 0.009703597033754563 131 122
stops 0.009697036434898408 28 20
russell 0.009685296229311448 29 21
moral 0.00967370029511496 30 22
deals 0.009661902008877041 31 23
last 0.009661855714007073 239 229
much 0.009654128659371486 448 436
changed 0.00965024667322465 32 24
appealing 0.009638619424013693 33 25
1999 0.009627020159843604 34 26
alan 0.009615449881982652 35 27
forever 0.00960390628299506 36 28
relief 0.009569442282869066 39 31
as 0.009569426562963446 774 759
not 0.00953681524693395 674 660
background 0.009456326180996816 49 41
produced 0.009434135679107308 51 43
constantly 0.009389843352046796 55 47
crew 0.009367741111531894 57 49
romance 0.009356784278681682 58 50
motion 0.009345853047052585 59 51
spend 0.009334948365833956 60 52
situation 0.009302383378101353 63 55
beyond 0.009216645991064268 71 63
words 0.009142912113183951 78 70
usually 0.009122170161870072 80 72
team 0.00910130560603463 82 74
piece 0.009080643543128972 84 76
old 0.008862702517078713 219 210
cal 0.008701073435905204 7 0
buffs 0.008690270975510811 8 1
varying 0.008679614068649144 9 2
robbie 0.008668747347832118 10 3
co-workers 0.008658024955633815 11 4
tends 0.008647329055932018 12 5
saga 0.008636777725915758 13 6
covering 0.008626017355984823 14 7
arguably 0.008615400344822185 15 8
hints 0.00860480943679573 16 9
interviews 0.00859436212814894 17 10
instantly 0.008583706549849161 18 11
greatly 0.008573193373765178 19 12
imagery 0.008562705919049798 20 13
model 0.008552361106675715 21 14
sympathy 0.00854180879111252 22 15
recall 0.008531397934242436 23 16
animal 0.008521012424381906 24 17
perform 0.008510768612825143 25 18
surely 0.00850043337805868 26 19
media 0.008490008036571364 27 20
direct 0.0084797229922942 28 21
frame 0.0084695787150244 29 22
veteran 0.00845934321828844 30 23
drawn 0.008449017806745535 31 24
eddie 0.008438831777262588 32 25
serve 0.008428670278648714 33 26
adults 0.008418648400448564 34 27
humorous 0.008408421483655608 35 28
every 0.008399503541199338 275 266
match 0.00836821341638995 39 32
race 0.008358221174665628 40 33
hair 0.008348252767513692 41 34
prison 0.00831849064648335 44 37
recommend 0.008308616727645088 45 38
cinematic 0.008288939981014168 47 40
energy 0.008279136048990353 48 41
them 0.008250903442839796 416 406
tension 0.008249975772444372 51 44
kid 0.008211265810027658 55 48
moves 0.008172917417485645 59 52
company 0.008153766142553323 61 54
brother 0.008134925552481645 63 56
working 0.008013854843641852 76 69
women 0.007923040260891148 86 79
part 0.007920920436942841 213 205
won't 0.007834471963476058 96 89
try 0.007764947449313109 104 97
character 0.007472027459700992 408 399
anecdotes 0.007462654810995978 6 0
thematically 0.0074533841344979306 7 1
longtime 0.007444255226926084 8 2
ryder 0.007435030327193293 9 3
first-rate 0.007425710669815211 10 4
departure 0.007416531499716592 11 5
begun 0.007407493170318023 12 6
neighbors 0.0073983591010065314 13 7
authorities 0.0073891305149719425 14 8
thoughtful 0.007380041503099125 15 9
prevent 0.007371092416156903 16 10
slick 0.007362047842330336 17 11
movies 0.007359731890707988 290 282
surreal 0.007352908993633736 18 12
negative 0.007343908818167443 19 13
affleck 0.007335047664071507 20 14
suffer 0.007326091276825472 21 15
sea 0.007317040857415916 22 16
actor 0.007310705795067068 160 153
bound 0.007308128222250399 23 17
reveals 0.007299353716863081 24 18
end 0.007292641413751022 300 292
flaw 0.007290484232693701 25 19
dealing 0.007281636277176325 26 20
agrees 0.007272694593967156 27 21
comparison 0.007255221638197879 29 23
sheer 0.007246459016156934 30 24
engaging 0.007237602910783472 31 25
industry 0.00722888263189761 32 26
goal 0.007220298519253675 33 27
disney 0.007194211465887251 36 30
confused 0.00717711437977097 38 32
building 0.007168425769638845 39 33
etc 0.007159871293470739 40 34
task 0.007142937386289926 42 36
store 0.007125857397323819 44 38
decide 0.007092165149340579 48 42
list 0.007075550684006247 50 44
outside 0.0070506075113747 53 47
liked 0.007025727518996369 56 50
herself 0.0070175100384492345 57 51
million 0.007009423560676617 58 52
heard 0.006976821356249607 62 56
business 0.006952457338088816 65 59
within 0.006880809379530728 74 68
s 0.0068571086902633055 77 71
alone 0.0068259043419074406 81 75
taken 0.006818147394925547 82 76
horror 0.006794982708665506 85 79
fight 0.006772082169237206 88 82
style 0.006666632017794716 102 96
camille 0.0062228189253819835 5 0
encourages 0.006214965509588704 6 1
spills 0.006207368385913204 7 2
likewise 0.006199671485470233 8 3
throne 0.006191993649176385 9 4
connections 0.0061842172138979875 10 5
draws 0.006176695614102598 11 6
lessons 0.006169074545408796 12 7
sisters 0.006161472259993651 13 8
immensely 0.006153771673248883 14 9
graham 0.006146324482460299 15 10
dedicated 0.006138778130338298 16 11
suspicious 0.006131250286114911 17 12
devoted 0.006123624438036001 18 13
holiday 0.006116250563189152 19 14
ticket 0.006108777834221264 20 15
bag 0.006101323343128868 21 16
from 0.006095525565482096 680 671
heroine 0.006093771145423879 22 17
flash 0.006086469514731574 23 18
unfortunate 0.0060790693367316385 24 19
guard 0.006071687131811346 25 20
connection 0.006056977079680108 27 22
draw 0.006042337436066372 29 24
man's 0.006035044120194871 30 25
finale 0.006013270120926631 33 28
green 0.005998726666547799 35 30
physical 0.00599165267529865 36 31
mouth 0.005984481130611438 37 32
000 0.005977326733019865 38 33
lot 0.00597606023258318 206 200
necessary 0.005970075888443956 39 34
pieces 0.005963069811936651 40 35
personality 0.005955966486640152 41 36
an 0.005954377761206886 715 706
discovers 0.005934758360704839 44 39
casting 0.005927722285999325 45 40
situations 0.005906714474018186 48 43
crime 0.0058789343766752 52 47
ability 0.005872029969355562 53 48
computer 0.005858269693376661 55 50
focus 0.005837750425977117 58 53
romantic 0.005803868792796332 63 58
latest 0.005757090289591982 70 65
for 0.005727037715972272 775 766
murder 0.005717590037174564 76 71
taking 0.0056721865533547605 83 78
possible 0.0056465639160116765 87 82
shot 0.0055525065194000495 102 97
evil 0.005540201451290652 104 99
original 0.005178695121082599 167 162
along 0.005094273925166676 183 178
comprehension 0.0049751296239747105 5 1
delve 0.004968949761003977 6 2
garner 0.0049627846444573525 7 3
all-time 0.004956634807453325 8 4
oblivious 0.004950500193259161 9 5
plight 0.004944381328283993 10 6
curtis 0.0049382769891933714 11 7
spectacle 0.004932187704395916 12 8
chances 0.004926113418270591 13 9
carl 0.004920054652610056 14 10
southern 0.004914010196641694 15 11
wishes 0.0049079805741228735 16 12
dude 0.004901965730517176 17 13
timing 0.0048959661830577095 18 14
amy 0.004889980733338909 19 15
operation 0.00488400990052466 20 16
lovers 0.0048780536311368305 21 17
encounters 0.004872112437905054 22 18
twisted 0.004866185134600132 23 19
causes 0.004860272235849283 24 20
after 0.00485834316585404 437 431
essentially 0.004854373689207138 25 21
lovely 0.004848605320285068 26 22
safe 0.004842620002853588 27 23
pulled 0.004836764199049125 28 24
feelings 0.00483092254010431 29 25
continue 0.004825094974829892 30 26
camp 0.004819282006023454 31 27
tough 0.004807696883909383 33 29
cause 0.004801925185013711 34 30
smith 0.004784693483860333 37 33
hasn't 0.004773274406909868 39 35
fighting 0.004767585012597199 40 36
hardly 0.004761909164848248 41 37
seemingly 0.0047337319754624865 46 42
van 0.004728136931999048 47 43
reasons 0.00472255456735525 48 44
eye 0.00471142929052909 50 46
merely 0.004662008442114049 59 55
happened 0.004640374935987304 63 59
return 0.004634998278486235 64 60
are 0.004634215307605882 713 706
something 0.004606197978049675 287 282
expect 0.004571541164823931 76 72
act 0.004489340917831819 92 88
run 0.004474276099262861 95 91
exactly 0.004429681764174367 104 100
with 0.004428966016907232 783 776
rest 0.004214965229462908 150 146
two 0.004133961373234685 411 406
sensitivity 0.003733636168057486 4 1
hail 0.0037291138753899823 5 2
seasoned 0.003724366019548126 6 3
cameraman 0.003719747966440445 7 4
cab 0.0037151413515361014 8 5
racism 0.003710664307645167 9 6
ranks 0.0037059627033747666 10 7
cartoonish 0.003701390148180491 11 8
gambling 0.003696828862672856 12 9
albert 0.003692396397631765 13 10
discovery 0.0036877403667914515 14 11
bullets 0.0036832126404262693 15 12
patient 0.0036786960185251384 16 13
manager 0.0036743074755388842 17 14
princess 0.003669696353207467 18 15
mainstream 0.003665212799642305 19 16
holding 0.0036607401885326227 20 17
jobs 0.0036563949236180053 21 18
overcome 0.0036518280577736116 22 19
helped 0.0036473880337177765 23 20
successfully 0.0036429587932450755 24 21
serves 0.0036386561749200894 25 22
generation 0.003634248243458548 26 23
encounter 0.003629735800722081 27 24
travel 0.0036253493030870623 28 25
step 0.0036167232154348528 30 27
scenes 0.0036133698964926353 308 304
current 0.00361225360769641 31 28
respect 0.0036079092371582785 32 29
mix 0.003603575303818822 33 30
d 0.0035993663944251103 34 31
heroes 0.0035949390094800818 35 32
speak 0.0035906361620684293 36 33
student 0.003586343602665444 37 34
intriguing 0.003582175370290888 38 35
consider 0.003552369912306598 45 42
considering 0.003543977025336112 47 44
sent 0.003539795237033981 48 45
forget 0.0035356233058845554 49 46
wild 0.0035315736586701355 50 47
red 0.003527421205089122 51 48
brief 0.003510908975371596 55 52
jack 0.0034945506164943407 59 56
lee 0.0034903739569516617 60 57
really 0.0034873585983921096 348 344
slow 0.00348631763979608 61 58
battle 0.0034701865983335495 65 62
familiar 0.0034581860354975097 68 65
remember 0.0034383682355038636 73 70
book 0.003395666705490491 84 81
body 0.003376450456858221 89 86
face 0.0033022249622323696 109 106
black 0.003273400279199118 117 114
couple 0.003245074455786423 125 122
later 0.0032240472338099235 131 128
it 0.0031776442569654284 775 770
that 0.0031555842781666454 786 781
kind 0.0031169569802194097 163 160
few 0.002786786136417474 277 274
interplay 0.0024876204194727585 4 2
confesses 0.0024845301339341316 5 3
fragile 0.0024813293415312182 6 4
tomorrow 0.002478254510523221 7 5
stole 0.002475305465922107 8 6
screens 0.0024722456827359404 9 7
unfair 0.002469075862361886 10 8
20th 0.002466031306457431 11 9
floating 0.0024631118420340298 12 10
village 0.00246008211181316 13 11
sticks 0.0024569428105760266 14 12
accurate 0.002453928084828534 15 13
truck 0.002451037763546847 16 14
millions 0.0024480376456886416 17 15
miller 0.0024449284195108625 18 16
anderson 0.0024419430876502675 19 17
caring 0.0024390814810137974 20 18
wind 0.002436110543486563 21 19
convinced 0.0024330309568912564 22 20
rival 0.0024300745911135686 23 21
oddly 0.002427241278958027 24 22
assistant 0.0024242990980935693 25 23
genius 0.0024213640413270412 26 24
obsessed 0.0024183209047600185 27 25
lover 0.0024154001577220835 28 26
instance 0.0024126016353442914 29 27
constant 0.002409694817107809 30 28
train 0.002403787657067717 32 30
public 0.002395151362728977 35 33
storyline 0.0023866905709514358 38 36
shame 0.002380894441645763 40 38
aside 0.002366919236984205 45 43
science 0.0023641213934771574 46 44
telling 0.002361217695014843 47 45
actual 0.002347360718005065 52 50
& 0.00234460876426644 53 51
television 0.002322823782987052 61 59
popular 0.002312082402101512 65 63
laughs 0.002298904254094472 70 68
you'll 0.002293522171721407 72 70
features 0.0022908949361330894 73 71
parts 0.0022883829537148487 74 72
elements 0.0022727802204075276 80 78
play 0.0021436726244676296 133 131
becomes 0.0020704415346072536 166 164
since 0.0019473720006593087 227 225
a 0.0018756296127117045 800 797
where 0.0017138356922379305 367 365
wayne's 0.0012445837414558508 3 2
bouts 0.0012430366780169077 4 3
responses 0.0012414934559172239 5 4
passive 0.0012398358856139944 6 5
unstable 0.0012384186249092266 7 6
follow-up 0.0012368868410128804 8 7
reviewed 0.00123535884172306 9 8
secondary 0.0012337170206388262 10 9
technically 0.0012323142858186049 11 10
improved 0.001230797556215425 12 11
express 0.0012292845555977351 13 12
sum 0.0012276582549782915 14 13
ron 0.0012262698298502427 15 14
utter 0.0012247679336966043 16 15
susan 0.0012232697119920373 17 16
table 0.0012216587075188252 18 17
albeit 0.0012202843801314422 19 18
buddy 0.0012187971008823552 20 19
remaining 0.0012173134426042079 21 20
explosions 0.0012157175142870486 22 21
capable 0.00121435707682652 23 22
warning 0.0012128842021315069 24 23
asking 0.0012114148959620624 25 24
learned 0.0012099491453649788 26 25
suggest 0.0012070283983270438 28 27
conflict 0.0012055732370172476 29 28
destroy 0.0012041215800905614 30 29
phone 0.001202558790588601 31 30
join 0.0012012288664791163 32 31
sad 0.0011968014815340877 35 34
park 0.0011954847993394524 36 35
boys 0.001194057321791904 37 36
l 0.0011910990366189797 39 38
party 0.0011897954050267834 40 39
addition 0.001188381474042953 41 40
e 0.0011869708996497738 42 41
imagine 0.0011827593303212688 45 44
tone 0.0011813620631558885 46 45
hear 0.0011771901320064629 49 48
water 0.0011716731346994996 53 52
members 0.0011689339174522223 55 54
cut 0.001162030948348311 60 59
you've 0.0011581041962320376 63 62
absolutely 0.0011554281112542697 65 64
ago 0.0011501127469979583 69 68
summer 0.0011409275042689598 76 75
needs 0.0011343478405923396 81 80
daughter 0.0011318879350678268 83 82
question 0.0011167202687078492 95 94
another 8.956766309493047E-4 316 315
up 7.333535634396204E-4 563 562
in 6.256008397105273E-4 798 797
, 6.252097079795238E-4 799 798
and 6.248190650216534E-4 800 799
idle 0.0 5 5
instead -0.001014639882903734 184 185
next -0.00105654829908991 145 146
head -0.0010934145680261131 113 114
full -0.0011092878010480894 100 101
close -0.001135744419101456 79 80
hero -0.001139518653088742 76 77
word -0.0011409275042689598 75 76
saying -0.0011607928346387408 60 61
god -0.001162030948348311 59 60
biggest -0.0011648491517943227 57 58
office -0.0011674578256197082 55 56
fast -0.0011758059846445346 49 50
rock -0.0011827593303212688 44 45
climax -0.0011854506753223928 42 43
contains -0.0011869708996497738 41 42
worked -0.0011897954050267834 39 40
debut -0.0011910990366189797 38 39
humans -0.0011926332491595318 37 38
avoid -0.001194057321791904 36 37
numerous -0.0011954847993394524 35 36
revenge -0.0011983498811948892 33 34
roger -0.0011997876467511048 32 33
realized -0.0012012288664791163 31 32
comedies -0.001202558790588601 30 31
falling -0.0012041215800905614 29 30
device -0.0012055732370172476 28 29
responsible -0.0012070283983270438 27 28
efforts -0.0012083717593950397 26 27
teenagers -0.0012099491453649788 25 26
wide -0.0012114148959620624 24 25
boat -0.0012128842021315069 23 24
director's -0.00121435707682652 22 23
hong -0.0012157175142870486 21 22
department -0.0012173134426042079 20 21
stunts -0.0012187971008823552 19 20
ray -0.0012202843801314422 18 19
impressed -0.0012216587075188252 17 18
research -0.0012232697119920373 16 17
2001 -0.0012247679336966043 15 16
jamie -0.0012262698298502427 14 15
network -0.0012276582549782915 13 14
jealous -0.0012292845555977351 12 13
closest -0.001230797556215425 11 12
scares -0.0012323142858186049 10 11
vince -0.0012337170206388262 9 10
distinct -0.00123535884172306 8 9
distracted -0.0012368868410128804 7 8
arguments -0.0012384186249092266 6 7
fades -0.0012398358856139944 5 6
bites -0.0012414934559172239 4 5
tycoon -0.0012430366780169077 3 4
shreds -0.0012445837414558508 2 3
all -0.0013937603114760888 633 635
little -0.001710821973441079 367 369
down -0.0018921915145291845 255 257
plays -0.0019304546373117293 234 236
effects -0.002123191625806181 140 142
title -0.0022247459980224565 97 99
city -0.002247136212458173 88 90
chance -0.0022804461573577017 75 77
read -0.0023040913977788874 66 68
type -0.002325524805157339 58 60
effect -0.0023283430086033508 57 59
can -0.002339235927645622 480 483
quick -0.002350231073082659 49 51
opportunity -0.0023584331738780925 46 48
episode -0.002398137527945994 32 34
count -0.002401016513230221 31 33
nasty -0.002409694817107809 28 30
captain -0.0024126016353442914 27 29
fault -0.0024242990980935693 23 25
bar -0.002427241278958027 22 24
growing -0.0024300745911135686 21 23
capture -0.0024330309568912564 20 22
simon -0.002436110543486563 19 21
dozen -0.0024390814810137974 18 20
obnoxious -0.0024419430876502675 17 19
disbelief -0.0024449284195108625 16 18
hated -0.0024480376456886416 15 17
bucks -0.002451037763546847 14 16
forest -0.002453928084828534 13 15
sandra -0.0024569428105760266 12 14
site -0.00246008211181316 11 13
tune -0.0024631118420340298 10 12
viewer's -0.002466031306457431 9 11
alfred -0.002469075862361886 8 10
balls -0.0024722456827359404 7 9
glamorous -0.002475305465922107 6 8
brazil -0.002478254510523221 5 7
projected -0.0024813293415312182 4 6
buffy -0.0024845301339341316 3 5
tax -0.0024876204194727585 2 4
make -0.0024947815628247882 400 403
far -0.003031809601665908 187 190
second -0.0032661687346202117 116 119
because -0.0034482760187235506 357 361
came -0.0034542041447768457 66 69
she -0.0034692108623756712 350 354
fans -0.0034783439876389932 60 63
talking -0.00348631763979608 58 61
dr -0.0035025993509629205 54 57
favorite -0.003514910687486314 51 54
haven't -0.0035190338527045645 50 53
okay -0.0035608030490151196 40 43
heavy -0.00356514777871951 39 42
producer -0.0035777896075704155 36 39
we've -0.003582175370290888 35 38
rescue -0.0035906361620684293 33 36
opposite -0.0035993663944251103 31 34
shock -0.003603575303818822 30 33
emotion -0.0036079092371582785 29 32
flying -0.00361225360769641 28 31
morning -0.0036253493030870623 25 28
reaction -0.0036429587932450755 21 24
clothes -0.0036473880337177765 20 23
described -0.0036518280577736116 19 22
moved -0.0036563949236180053 18 21
kelly -0.0036607401885326227 17 20
cameos -0.003665212799642305 16 19
ensues -0.003669696353207467 15 18
escapes -0.0036743074755388842 14 17
response -0.0036786960185251384 13 16
stereotypical -0.0036832126404262693 12 15
dozens -0.0036877403667914515 11 14
sun -0.003692396397631765 10 13
outing -0.003696828862672856 9 12
proven -0.003701390148180491 8 11
dear -0.0037059627033747666 7 10
now -0.0037105757856251143 275 279
penchant -0.003710664307645167 6 9
hopeful -0.0037151413515361014 5 8
cap -0.003719747966440445 4 7
hallmark -0.003724366019548126 3 6
seems -0.003724395453124807 271 275
flee -0.0037291138753899823 2 5
fluke -0.003733636168057486 1 4
we -0.004168425312508273 396 401
said -0.004343004439060993 118 122
middle -0.004576662532905604 71 75
somehow -0.0046029956518733595 66 70
quality -0.004651166791590403 57 61
offers -0.004694839837349099 49 53
box -0.004700356834656062 48 52
onto -0.00472255456735525 44 48
miss -0.004744962955678056 40 44
gun -0.00475624681533849 38 42
likes -0.004761909164848248 37 41
steven -0.004767585012597199 36 40
walk -0.004773274406909868 35 39
managed -0.004801925185013711 30 34
french -0.004807696883909383 29 33
shooting -0.004813482474175526 28 32
protagonist -0.004819282006023454 27 31
things -0.004823954317379087 233 238
sean -0.00483092254010431 25 29
fbi -0.004842620002853588 23 27
brian -0.004848605320285068 22 26
games -0.004854373689207138 21 25
kong -0.004860272235849283 20 24
covered -0.004866185134600132 19 23
necessarily -0.004872112437905054 18 22
angle -0.0048780536311368305 17 21
bus -0.00488400990052466 16 20
execution -0.004889980733338909 15 19
storm -0.0048959661830577095 14 18
handful -0.004901965730517176 13 17
hole -0.0049079805741228735 12 16
forgettable -0.004914010196641694 11 15
it'll -0.004920054652610056 10 14
satisfy -0.004926113418270591 9 13
patients -0.004932187704395916 8 12
buried -0.0049382769891933714 7 11
breathing -0.004944381328283993 6 10
knocked -0.004950500193259161 5 9
shakespearean -0.004956634807453325 4 8
infinitely -0.0049627846444573525 3 7
sub -0.004968949761003977 2 6
stowe -0.0049751296239747105 1 5
want -0.005104578380710906 176 181
( -0.005128211664352289 755 763
you -0.005149010977224755 555 562
simply -0.005373488658527992 127 132
stars -0.0053791669943598075 126 131
camera -0.0055525065194000495 97 102
hit -0.005608454103635807 88 93
talk -0.005711059817912673 72 77
hell -0.005737272489598336 68 73
) -0.005767408183323552 755 764
mr -0.0057702684375990215 63 68
i'll -0.005810613748358617 57 62
trouble -0.0058173743994813926 56 61
sexual -0.00582403939046236 55 60
on -0.005838495521967246 736 745
suddenly -0.005865141760568973 49 54
ask -0.005872029969355562 48 53
front -0.0058789343766752 47 52
purpose -0.005885854378967215 46 51
appearance -0.005906714474018186 43 48
intelligence -0.005941697490660883 38 43
laughing -0.005948880064498022 37 42
intended -0.005963069811936651 35 40
what -0.005970161037936794 535 543
pair -0.005977326733019865 33 38
bright -0.00599165267529865 31 36
target -0.006006046765104273 29 34
trust -0.006013270120926631 28 33
funny -0.006024060959579358 192 198
press -0.006042337436066372 24 29
utterly -0.006049648401180632 23 28
guns -0.006056977079680108 22 27
15 -0.006064322834572117 21 26
jon -0.006071687131811346 20 25
handled -0.0060790693367316385 19 24
weekend -0.006086469514731574 18 23
eric -0.006093771145423879 17 22
established -0.006101323343128868 16 21
rolling -0.006108777834221264 15 20
realizing -0.006116250563189152 14 19
actresses -0.006123624438036001 13 18
having -0.006128667413401956 175 181
gross -0.006131250286114911 12 17
card -0.006138778130338298 11 16
toilet -0.006146324482460299 10 15
mortal -0.006153771673248883 9 14
convoluted -0.006161472259993651 8 13
enemies -0.006169074545408796 7 12
meantime -0.006176695614102598 6 11
comprised -0.0061842172138979875 5 10
cleavage -0.006191993649176385 4 9
alcohol -0.006199671485470233 3 8
unfolding -0.006207368385913204 2 7
sickening -0.006214965509588704 1 6
flew -0.0062228189253819835 0 5
star -0.006256581581928877 155 161
when -0.006509910661124496 577 586
come -0.006766642533974743 230 237
level -0.006810516676904632 77 83
killer -0.006952457338088816 59 65
stand -0.007058790008534155 46 52
brothers -0.007117517691026108 39 45
sight -0.007125857397323819 38 44
studio -0.0071343307398204145 37 43
kept -0.007159871293470739 34 40
spends -0.00717711437977097 32 38
sci-fi -0.007185709997090554 31 37
matthew -0.007194211465887251 30 36
owner -0.00720284824663836 29 35
appeal -0.00721162000212152 28 34
chosen -0.007220298519253675 27 33
club -0.00722888263189761 26 32
synopsis -0.007246459016156934 24 30
military -0.007264005478007152 22 28
overly -0.007272694593967156 21 27
wise -0.007281636277176325 20 26
mental -0.007290484232693701 19 25
rule -0.007299353716863081 18 24
passed -0.007308128222250399 17 23
capsule -0.007317040857415916 16 22
cat -0.007326091276825472 15 21
enjoying -0.007335047664071507 14 20
drags -0.007343908818167443 13 19
spy -0.007352908993633736 12 18
bug -0.007362047842330336 11 17
pet -0.007371092416156903 10 16
awake -0.007380041503099125 9 15
at -0.007385039057073328 683 694
miserable -0.0073891305149719425 8 14
montage -0.0073983591010065314 7 13
instances -0.007407493170318023 6 12
earnest -0.007416531499716592 5 11
charlize -0.007425710669815211 4 10
insert -0.007435030327193293 3 9
gayheart -0.007444255226926084 2 8
frankenheimer -0.0074533841344979306 1 7
satan's -0.007462654810995978 0 6
line -0.007514866076043347 127 134
example -0.007705012750383641 104 111
let -0.007790873848777885 94 101
coming -0.007869703195384381 85 92
they -0.007985567909423286 571 582
starring -0.008106551975807438 59 66
myself -0.008115951194897844 58 65
show -0.008138389204670915 178 186
impossible -0.008153766142553323 54 61
plan -0.008182359190243557 51 58
hold -0.008249975772444372 44 51
air -0.008259710590669184 43 50
wrote -0.008288939981014168 40 47
missing -0.008298879754181997 39 46
killing -0.008308616727645088 38 45
this -0.008325383493852145 754 767
apart -0.008328388061612318 36 43
scary -0.008338422185629378 35 42
bob -0.008358221174665628 33 40
track -0.008398333045977813 29 36
island -0.008408421483655608 28 35
dollars -0.008428670278648714 26 33
broken -0.008438831777262588 25 32
routine -0.00845934321828844 23 30
mistake -0.0084695787150244 22 29
woman -0.008474619285550516 139 147
characters -0.00847465918250978 374 384
luck -0.0084797229922942 21 28
unnecessary -0.008490008036571364 20 27
originality -0.00850043337805868 19 26
hill -0.008510768612825143 18 25
exercise -0.008521012424381906 17 24
dollar -0.008531397934242436 16 23
ocean -0.00854180879111252 15 22
horse -0.008552361106675715 14 21
trite -0.008562705919049798 13 20
interaction -0.008573193373765178 12 19
pretentious -0.008583706549849161 11 18
grade -0.00859436212814894 10 17
jungle -0.00860480943679573 9 16
token -0.008615400344822185 8 15
unrealistic -0.008626017355984823 7 14
case -0.008630035005543213 122 130
useless -0.008636777725915758 6 13
screwed -0.008647329055932018 5 12
endure -0.008658024955633815 4 11
jewel -0.008668747347832118 3 10
kombat -0.008679614068649144 2 9
ill-conceived -0.008690270975510811 1 8
ineffectual -0.008701073435905204 0 7
girl -0.008705161322813598 114 122
anything -0.00896868532501155 198 207
who's -0.0089989269388656 84 92
again -0.009022632551927062 192 201
across -0.009090962834262334 75 83
premise -0.00916396759063981 68 76
presence -0.009259316214352317 59 67
william -0.009367741111531894 49 57
too -0.009381702719382323 366 377
incredibly -0.009445161265991577 42 50
charm -0.009467517523033306 40 48
thrown -0.009489978790800976 38 46
mention -0.00950124997680462 37 45
good -0.00953136130972343 452 464
audience -0.009542002514919046 242 252
pass -0.009546602648708581 33 41
asked -0.009569442282869066 31 39
attack -0.009592390367769717 29 37
grace -0.009615449881982652 27 35
followed -0.009638619424013693 25 33
wondering -0.00967370029511496 22 30
positive -0.009685296229311448 21 29
sexy -0.009697036434898408 20 28
jump -0.00970880513745372 19 27
sleep -0.009720717758190122 18 26
catherine -0.009732427320343968 17 25
practically -0.009744282136373943 16 24
delivered -0.00975616586793904 15 23
extended -0.009768078620962763 14 22
las -0.009780019361654006 13 21
settle -0.009791990474647533 12 20
solely -0.009803990929980603 11 19
finished -0.009816020835667766 10 18
armageddon -0.009828079148787767 9 17
humor -0.009830789737439394 110 119
jean -0.00984016827851879 8 16
crystal -0.009852287185835066 7 15
miraculously -0.00986443598089405 6 14
hack -0.009876613611529753 5 13
kicking -0.009888822511849242 4 12
caan -0.009901061633650725 3 11
tolerable -0.00991333108928797 2 10
digging -0.009925629817233871 1 9
already -0.00992828876112091 101 110
stalks -0.009937960276918085 0 8
quickly -0.010152388938982446 81 90
lack -0.010198406185747091 77 86
police -0.010279947914490023 70 79
girlfriend -0.010398725172235973 60 69
earth -0.010422810071161345 58 67
shots -0.010434894984410789 57 66
likely -0.010447007954583157 56 65
effort -0.010507883995400896 51 60
thinks -0.010582127129609417 45 54
through -0.010629049549298608 322 334
yourself -0.010669834422659931 38 47
there -0.01067085883440605 504 518
apparent -0.010708032767614707 35 44
literally -0.010746390295459686 32 41
lose -0.01075923768789585 31 40
desperate -0.010772001073457667 30 39
saving -0.010810934681322104 27 36
shallow -0.010823821641377691 26 35
confusing -0.010836969305208582 25 34
goes -0.010853644570225585 207 218
lady -0.010863130875356158 23 32
nobody -0.010876259085703562 22 31
exact -0.01088941780940201 21 30
lost -0.010893291778082986 112 122
doing -0.010929007880390418 109 119
wearing -0.010955697032336006 16 25
laughter -0.010969050070070548 15 24
dancing -0.010982435697789283 14 23
gratuitous -0.010995736875941055 13 22
reads -0.011009303917251741 12 21
clue -0.011022788030862958 11 20
randy -0.011036305215799208 10 19
funnier -0.011049737856306592 9 18
fell -0.011063437990510827 8 17
causing -0.01107705511953167 7 16
rocks -0.011090705810744292 6 15
gabriel -0.011104271866508045 5 14
dancer -0.011118107067446977 4 13
spoiled -0.011131859189866148 3 12
101 -0.011145645375106575 2 11
yawn -0.011159346837872697 1 10
silverstone -0.011173319118641145 0 9
late -0.011248648337805187 83 93
happen -0.011415692333591479 70 80
space -0.011560756120584284 59 69
about -0.011560811248108593 575 591
flick -0.011614465780202865 55 65
mystery -0.011723508785557495 47 57
main -0.011733533054273798 131 142
pay -0.01175106104706164 45 55
chris -0.011764886459930686 44 54
giant -0.011792521983996641 42 52
steve -0.011820513639684303 40 50
series -0.011859940151568799 121 132
budget -0.011862467671819463 37 47
ground -0.011876669361752412 36 46
editing -0.01193336119510946 32 42
tried -0.01196179647848445 30 40
course -0.01200003718774173 193 205
directly -0.012004992003114008 27 37
feet -0.01203377078674267 25 35
drive -0.012048384201170645 24 34
ugly -0.012077487952182678 22 32
acts -0.01209197659999061 21 31
c -0.012106731252006217 20 30
sex -0.012121322317095437 101 112
fail -0.01212140677279801 19 29
over-the-top -0.012165646177700985 16 26
wear -0.01218046496603261 15 25
sitcom -0.012210093952767575 13 23
saves -0.01222502143153879 12 22
cable -0.012240101473467166 11 21
charlie -0.012255102316681563 10 20
strictly -0.012270022236438034 9 19
tall -0.012285096698029652 8 18
motions -0.012300324831523707 7 17
unintentionally -0.012315473744440896 6 16
failing -0.012330541696358287 5 15
clerk -0.012345765322425269 4 14
laughably -0.012361143745463883 3 13
wonder -0.01236661706498035 83 94
nasa -0.012376442931322 2 12
unimaginative -0.012391661123691302 1 11
shoddy -0.012407036139279971 0 10
went -0.01262215362613732 65 76
begin -0.01265107781712975 63 74
writing -0.012680246016415153 61 72
paul -0.012709547627680798 59 70
huge -0.012783399697655087 54 65
i'd -0.012843101918477762 50 61
talented -0.012903364417416449 46 57
recently -0.012918518872681348 45 56
screenwriter -0.012933820377382908 44 55
amusing -0.012964195118696141 42 53
college -0.013072154161091865 35 46
dead -0.013114929433389544 108 120
boss -0.013118811870431853 32 43
explain -0.013150177952527403 30 41
manage -0.013245185682704733 24 35
kills -0.013261268403302152 23 34
cops -0.013277275598933783 22 33
20 -0.013293205466469726 21 32
kiss -0.013309290042594818 20 31
nudity -0.01335777662343103 17 28
thirty -0.013374017937096024 16 27
holes -0.013390414111397589 15 26
mars -0.013422978154899082 13 24
screenplay -0.013423007444650012 87 99
he'll -0.013455818987754215 11 22
wilson -0.013472415759285771 10 21
porn -0.01348881933732039 9 20
credibility -0.013505381078161094 8 19
me -0.013519774647243299 301 316
we'll -0.013521983539042532 7 18
amanda -0.013538743456432934 6 17
guessed -0.013555309630054892 5 16
dubious -0.013572035152275511 4 15
assignment -0.013588802000442175 3 14
azaria -0.013605727486919735 2 13
bothered -0.013622458679906727 1 12
wielding -0.013639350425098576 0 11
movie's -0.013714596587685951 68 80
put -0.013778714569709555 136 149
played -0.013793355829242765 207 221
nor -0.013873041484489826 58 70
am -0.013889099129187635 57 69
looking -0.013896547967909761 128 141
villain -0.014068213569210772 46 58
totally -0.014117980284045845 43 55
richard -0.014218235345845064 37 49
standard -0.014235102535630505 36 48
needed -0.014268955642625952 34 46
pull -0.014285943460664953 33 45
sequences -0.014388749602751383 96 109
think -0.01443031990450977 231 246
teenage -0.014440670482044185 24 36
west -0.01445806988483624 23 35
jason -0.014510518909073934 20 32
cares -0.014528087143477173 19 31
sort -0.014533527131766297 87 100
signs -0.014598785870792629 15 27
animals -0.014634393050861144 13 25
entry -0.014652262710496817 12 24
how -0.014674417466873313 349 366
category -0.01468813327357282 10 22
made -0.01471966310915801 278 294
screams -0.01472417817904345 8 20
cardboard -0.014742267919173975 7 19
ads -0.014760402163951759 6 18
patch -0.014796803085972116 4 16
" -0.014804643960996566 607 628
stretched -0.014815071830292417 3 15
unbearable -0.014833385741898027 2 14
schumacher -0.014851743235504462 1 13
incoherent -0.014870147981314 0 12
writer -0.015055306737078625 56 69
cool -0.015072651815700375 55 68
than -0.015302576160905745 496 516
year's -0.015394041330489598 37 50
cop -0.015430587334969957 35 48
michael -0.015435845692503086 99 113
cameo -0.015504200643573905 31 44
christopher -0.015578519693919303 27 40
scream -0.015615946157033558 25 38
mentioned -0.01563472780383609 24 37
cliches -0.015653554684175692 23 36
check -0.01567242696166276 22 35
plain -0.01569134299441572 21 34
guys -0.015783799089853875 79 93
double -0.015786619572440316 16 29
designed -0.01582505570064287 14 27
blow -0.015844342196226123 13 26
gag -0.01586367760645888 12 25
taylor -0.01588306026671224 11 24
hide -0.015921850294211646 9 22
potentially -0.015961065020056328 7 20
natasha -0.015980686544083203 6 19
jumping -0.016000238049565754 5 18
horny -0.016020072797964153 4 17
miserably -0.01603983976398902 3 16
sucks -0.01605965557174827 2 15
seagal -0.016099432536911738 0 13
gone -0.016241585733152597 54 68
was -0.01635304803092097 594 617
appear -0.016374675577147897 47 61
ten -0.01643233496268793 44 58
scott -0.016509849415608742 40 54
be -0.016606160079750465 692 717
development -0.016647161155679796 33 47
fair -0.01672672110759013 29 43
disaster -0.016766901167962256 27 41
subplot -0.016786891453314343 26 40
shouldn't -0.01682736105299562 24 38
enough -0.01687015678617887 257 275
cash -0.016888144475949808 21 35
bottom -0.016908656437019928 20 34
chief -0.01694960039008773 18 32
empty -0.01697003023112744 17 31
explained -0.016990741152530877 16 30
five -0.017016924665204228 73 88
subplots -0.017032084098969915 14 28
handle -0.017052713955621163 13 27
horribly -0.017094475162674302 11 25
we're -0.017094498386770823 69 84
mine -0.017115374552530847 10 24
zero -0.017157209135934708 8 22
amounts -0.017178378462660536 7 21
interesting -0.01718082531812201 180 197
repetitive -0.017199483644965555 6 20
complete -0.017212084804877445 63 78
he's -0.0172253358018844 235 253
had -0.017241790132380808 349 369
generate -0.017284423505444874 2 16
kevin -0.017291452753117054 59 74
move -0.017391698480150555 54 69
chase -0.017595828819496957 44 59
agent -0.01765785968463772 41 56
let's -0.017741402048494663 37 52
answer -0.017868322037051063 31 46
disappointing -0.017975272927357296 26 41
promise -0.018061969082794116 22 37
disappointment -0.018171259097606557 17 32
thriller -0.018182301348111787 71 87
stock -0.01821550908622748 15 30
offensive -0.018237657335987163 14 29
screaming -0.018281998511218898 12 27
absurd -0.01830442430803928 11 26
disappears -0.018394095976947585 7 22
uninspired -0.01843931953057955 5 20
lousy -0.01846201588561442 4 19
road -0.01895800854005908 35 51
early -0.018963208895940664 87 104
barely -0.018980384933155042 34 50
decided -0.019048177668910017 31 47
-- -0.019088628309907735 133 151
accent -0.019139322742934423 27 43
weak -0.01916224382700707 26 42
bored -0.019208255494641384 24 40
completely -0.01921086907278377 127 145
obviously -0.019242254775527795 74 91
producers -0.01932425501943637 19 35
gary -0.01937104674435766 17 33
cartoon -0.019394528809598594 16 32
get -0.019418067876816048 423 447
unbelievable -0.019441778916077724 14 30
giving -0.01946255857503007 64 81
suffers -0.019465315590965454 13 29
bomb -0.01948902690954594 12 28
tv's -0.019536738593857888 10 26
basically -0.019597177316766204 58 75
ridiculously -0.019608453053774108 7 23
redeeming -0.01963251460185681 6 22
3 -0.020036036563707456 39 56
ends -0.020045142335526372 88 106
10 -0.020059677774706727 38 55
aren't -0.020180091047777973 82 100
total -0.020372192972372048 25 42
doctor -0.020396636968684337 24 41
horrible -0.020445701368572627 22 39
ass -0.020519739818775824 19 36
sorry -0.0205943164563497 16 33
stuff -0.020595729132317137 64 82
cheesy -0.0206192967432952 15 32
hired -0.020719824465761365 11 28
presumably -0.020898126429100983 4 21
chuckle -0.020975367673540465 1 18
atrocious -0.021001398267428913 0 17
planet -0.021078099559252224 44 62
review -0.021123691099407732 89 108
problems -0.021289378848826063 82 101
include -0.021327745651160107 34 52
yes -0.021385123980926166 78 97
saw -0.021457579899242685 75 94
product -0.021480575644747472 28 46
: -0.02152271689870139 486 514
thin -0.0215318544089924 26 44
names -0.02158360786833411 24 42
throw -0.021609521170815844 23 41
under -0.021692804415423067 111 131
yeah -0.021713797140567728 19 37
killed -0.02177731706210935 62 81
hey -0.021792666337544588 16 34
vehicle -0.021819084390046303 15 33
half -0.02185877273682378 104 124
cage -0.021925397702778612 11 29
cliche -0.02195213875157997 10 28
big -0.021957970329917642 235 258
generic -0.021978827373891754 9 27
sports -0.022005814456219776 8 26
anyone -0.022141129587835234 137 158
thing -0.022190929628738282 224 247
sit -0.02226225946591516 43 62
so -0.022262999327180233 576 607
or -0.022272650117801218 531 561
hour -0.022347276663748916 84 104
know -0.02269729684676386 288 313
twice -0.022714613739313667 26 45
mean -0.022728230139335906 69 89
sadly -0.022741803554357377 25 44
meant -0.022796492070465618 23 42
supposedly -0.022878732325463884 20 39
folks -0.02293408152069917 18 37
running -0.023014614095178423 101 122
some -0.02302370003646914 530 561
figure -0.02304247262591823 57 77
guilty -0.023045354219896546 14 33
remotely -0.023129519282869174 11 30
need -0.02314153203614544 96 117
might -0.023174891326937702 180 203
1 -0.02317598721688785 52 72
dressed -0.023214186215614815 8 27
suspense -0.02325684024071953 49 69
random -0.0232711707767769 6 25
sat -0.023328201020214552 4 23
forgot -0.023356880621404938 3 22
nonsense -0.02338574684857374 2 21
insulting -0.023414449154554262 1 20
wait -0.023420363662147198 43 63
silly -0.023502822723523324 40 60
loud -0.02386745967493347 27 47
superior -0.023895975802469556 26 46
b -0.024010849147292138 22 42
contrived -0.02409752942634624 19 39
oh -0.024125239961272277 59 80
mediocre -0.024155740228217995 17 37
value -0.024243704101091435 14 34
naked -0.024273012474874837 13 33
straight -0.02434892284645479 51 72
seriously -0.024405631747816042 49 70
lifeless -0.02448111992214188 6 26
garbage -0.024511006662390897 5 25
sloppy -0.024571237698231458 3 23
sounds -0.024721686216820776 38 59
falls -0.024972951408060565 69 91
called -0.02498767097758281 108 131
used -0.025014849714320386 107 130
career -0.025029670045567873 67 89
jennifer -0.025226566661579186 21 42
impression -0.02525690920453362 20 41
dennis -0.025287324831373022 19 40
start -0.0253177574831418 96 119
remake -0.025440505582625523 14 35
frankly -0.025471362356069727 13 34
promising -0.02553330693993689 11 32
alas -0.02556439235927638 10 31
trying -0.02557684278789571 164 189
i -0.025587793890205268 588 624
julie -0.025658101454954736 7 28
whatsoever -0.02568949168153692 6 27
inane -0.025720955807755876 5 26
would -0.025745564145652544 426 458
whatever -0.025762468628316833 42 64
2 -0.025771682606608975 80 103
turkey -0.025784121900362965 3 24
like -0.02590077306060301 571 607
minute -0.026098785180284717 31 53
interest -0.026123064155058523 68 91
credits -0.026453582969875628 57 80
anywhere -0.026765621225755497 10 32
neither -0.026823712862762014 45 68
tedious -0.026896520079863963 6 28
someone -0.026984906754042 113 138
stupidity -0.026995536796325027 3 25
expected -0.027012857919957063 39 62
idiotic -0.027028705641818817 2 24
appears -0.027089667858606253 73 97
wrong -0.027101928656942387 109 134
around -0.027142514474254698 253 282
trailer -0.027399033333603606 27 50
suppose -0.027563219059598736 22 45
thinking -0.027715373900101023 53 77
crap -0.027762742225988544 16 39
seconds -0.02779641112306617 15 38
actually -0.02795371560686774 222 251
dog -0.028104867639220876 41 65
happens -0.02810752624375161 76 101
whole -0.028229736838358443 142 169
female -0.028270407736120523 36 60
mission -0.028303861587111664 35 59
ideas -0.028337169211836724 34 58
been -0.02837647878505517 415 450
cheap -0.028404249980097405 32 56
please -0.02864154825371909 25 49
seemed -0.028655254507355107 59 84
look -0.028875942234339202 223 253
gags -0.028917649393066243 17 41
rent -0.028952537631015327 16 40
clich -0.02905770595873517 13 37
sequel -0.029224755615834604 42 67
were -0.029306098428218408 275 307
that's -0.029442773373248493 203 233
money -0.029757745505918726 126 154
catch -0.02978183018143677 26 51
involves -0.029817354238363625 25 50
out -0.029916766554547003 582 624
fake -0.03003228778705108 19 44
blame -0.030068412260519584 18 43
gets -0.030134078426374333 245 277
failure -0.03017730556471193 15 40
guy -0.030194897913519342 145 174
else -0.030207230240305166 112 140
excuse -0.03021377998953539 14 39
uninteresting -0.030508773687560373 6 31
somewhere -0.03059064752752748 36 62
acting -0.030649993086840605 195 226
laugh -0.030771601804859758 63 90
just -0.030817909586836167 509 550
care -0.030941770123248113 90 118
pathetic -0.031140154268900627 21 47
action -0.031344357721989596 204 236
saved -0.03151778807054833 11 37
embarrassing -0.03159427725587441 9 35
bore -0.03167137157588137 7 33
what's -0.03174866741355539 67 95
robin -0.03186104389818895 33 60
attempts -0.031929706001091795 62 90
any -0.03226087136091438 358 396
thought -0.032260883725319184 114 144
even -0.03269005220972737 493 536
off -0.032931846103268714 334 372
joke -0.033139094396850435 30 58
i'm -0.03319813715964509 147 179
writers -0.03321773245427293 28 56
going -0.03328889115823741 233 268
write -0.03333638809106819 25 53
add -0.03343250521935026 52 81
tries -0.03349848193923072 109 140
here -0.03359370730293665 282 319
potential -0.033665390885976976 46 75
* -0.03367313003176617 75 105
painfully -0.033942735605526464 10 38
movie -0.03404580801352641 585 633
inept -0.034191331895570706 4 32
 -0.034308650006323715 345 385
lines -0.034314424588931816 87 118
couldn't -0.03432833438519792 58 88
you'd -0.03454780298703025 24 53
kill -0.03485461530791936 73 104
comedy -0.03519713964222865 176 211
did -0.035297747421164205 201 237
ludicrous -0.03547772344856435 2 31
wouldn't -0.03565649879014125 53 84
project -0.03607144147927695 43 74
decent -0.036155480100534265 41 72
except -0.03653370752864485 59 91
they're -0.03684058758594223 105 139
nowhere -0.037063466458613095 20 51
video -0.037187374940200454 70 103
doesn't -0.03720536093580179 307 349
here's -0.03737619660521852 13 44
badly -0.03746666813504635 11 42
tv -0.03803581500487252 76 110
filmmakers -0.03817709175543312 47 80
annoying -0.039586093761089236 41 75
she's -0.0396528394990224 89 125
obvious -0.04004980701064556 80 116
it's -0.04017211066476628 492 545
my -0.04063762745251809 284 329
do -0.040689095450429535 403 453
bunch -0.04082203993331885 39 74
could -0.040928678282465214 324 371
then -0.04096435676487453 323 370
laughable -0.04101903804735295 11 45
apparently -0.04105475721600889 58 94
name -0.041220599524187385 102 140
have -0.04129977107242799 622 682
flat -0.04135265800675458 28 63
given -0.04149968983975355 143 183
predictable -0.041769484268330714 43 79
either -0.041784266617575866 113 152
don't -0.04305602174264056 290 338
talent -0.043435303074138745 55 93
pretty -0.04362062988364482 141 183
watching -0.04454380511925779 143 186
only -0.04472137145655697 489 548
car -0.04480038972567098 72 112
jokes -0.044964387597222814 47 86
you're -0.04508733252354022 88 129
idea -0.04551165190692409 101 143
director -0.04560470252563059 292 343
better -0.045610490425679384 249 298
unfunny -0.04579114757020554 10 48
minutes -0.04666161179437614 162 208
didn't -0.04728527682002903 149 195
material -0.04762805929284265 60 102
bland -0.04791342481017091 14 54
isn't -0.04799385490165345 216 266
guess -0.04895688033630771 56 99
fails -0.0491902533497088 32 74
pointless -0.05024981655324284 14 56
dialogue -0.050325036074831325 129 177
can't -0.05036310828544199 167 217
problem -0.051458248600332074 108 156
poorly -0.05172522142550043 9 52
save -0.052732273765990254 67 114
attempt -0.05412815522934339 62 110
anyway -0.054129536348141806 44 91
dumb -0.054322687592532184 23 69
if -0.05463382897794383 499 572
lame -0.05633607881374389 10 57
terrible -0.056485548237038996 25 73
give -0.05721677580024115 150 206
none -0.057937755851289616 54 105
wasn't -0.05887326547936626 73 126
point -0.060319829764065025 164 224
poor -0.06187539920898906 45 99
got -0.06261993880296779 112 171
there's -0.06287783640588215 216 282
dull -0.06370077225878273 20 74
no -0.06514660331376154 432 515
maybe -0.07126297816349093 79 144
looks -0.07270188897431282 114 183
reason -0.07347631536777162 104 173
ridiculous -0.07419529965547059 17 80
wasted -0.07454663638894161 13 76
waste -0.07646281805334998 17 82
awful -0.07891085569903863 15 82
should -0.08034554439128677 215 300
worse -0.08103422132541345 52 124
? -0.08344606633192986 440 548
least -0.0842810594375075 177 263
unfortunately -0.08513484467011392 88 167
mess -0.08518261413769038 20 93
nothing -0.08650357385767268 184 273
why -0.0866722541543215 182 271
plot -0.08883125539729708 297 399
supposed -0.09435728297171087 58 143
! -0.09441853889628107 219 320
script -0.09949724866213122 174 276
stupid -0.10716389216158727 30 124
boring -0.11328629169231659 41 142
worst -0.13323189691380044 34 153
bad -0.17800485560620752 205 401
