life 0.11852418439931711 380 248
both 0.1111727465298186 311 194
world 0.10280366249907338 284 178
great 0.0978890071257173 325 220
perfect 0.09552213212350519 143 57
many 0.09187370446941828 361 259
best 0.09037269956641014 391 288
performances 0.08682696361050427 185 103
also 0.0831096524435938 478 376
true 0.08220845427435824 162 86
although 0.08210243494107364 252 169
performance 0.0818945068205566 280 195
family 0.08089507191878269 177 101
hilarious 0.07581124203386155 103 37
perfectly 0.07522348768646711 96 31
brilliant 0.07513638431838265 97 32
different 0.07371190140747723 170 101
very 0.07341970956544513 428 341
throughout 0.07328470474702604 133 67
own 0.0731093993683744 277 201