bad 0.17800485560620752 205 401
worst 0.13323189691380044 34 153
boring 0.11328629169231659 41 142
stupid 0.10716389216158727 30 124
script 0.09949724866213122 174 276
! 0.09441853889628107 219 320
supposed 0.09435728297171087 58 143
plot 0.08883125539729708 297 399
why 0.0866722541543215 182 271
nothing 0.08650357385767268 184 273
mess 0.08518261413769038 20 93
unfortunately 0.08513484467011392 88 167
least 0.0842810594375075 177 263
? 0.08344606633192986 440 548
worse 0.08103422132541345 52 124
should 0.08034554439128677 215 300
awful 0.07891085569903863 15 82
waste 0.07646281805334998 17 82
wasted 0.07454663638894161 13 76
ridiculous 0.07419529965547059 17 80