&nbsp 4.181151884636003 0 58
jolie 3.537601614335559 0 30
seagal 3.5048117893436253 0 29
brenner 3.239108603147109 0 22
1900 3.1946568365898766 0 21
pokemon 3.148136816588929 0 20
8mm 3.1240393118650935 1 40
bruckheimer 3.0480533479210816 0 18
tango 2.993986232814878 0 17
tomb 2.9368278189749297 0 16
sphere 2.8762031341235783 0 15
incoherent 2.81166460878368 0 14
musketeer 2.742671732494067 0 13
schumacher 2.742671685175228 2 41
werewolf 2.7063040856550487 1 26
jakob 2.6685637547988144 1 25
jawbreaker 2.6293430385422756 1 24
rugrats 2.588521040660158 0 11
rochon 2.5015096560299313 0 10
ludicrous 2.4707380027098775 2 31
vikings 2.406199467056892 0 9
wrestling 2.4061994452781015 4 49
idiotic 2.372297923375772 2 28
godzilla 2.365377447395984 9 95
uninvolving 2.3549061673611362 1 18
highlander 2.3008390522549327 0 8
alicia 2.2630986233851136 2 25
sammy 2.2436806384149843 1 16
nonsense 2.223877907128575 2 24
isle 2.183055953563633 0 7
martian 2.183055909246457 2 23
phillippe 2.140496291173463 2 22
darryl 2.1185174282237345 1 14
nasa 2.0960445246162305 2 21
_54_ 2.0495245519341214 0 6
inept 2.0495245243921385 4 34
wcw 2.0131569050951033 3 26
kombat 2.000734335643191 2 19
spawn 1.9754165788377662 9 64
yawn 1.975416574238869 1 12
generate 1.9494410359474355 2 18
flubber 1.928163659951494 4 30
fares 1.895373920841232 2 17
cbs 1.8953738601002126 0 5
wasted 1.8833976702041113 13 82
lame 1.8801064092031297 10 64
uninteresting 1.8712763333816387 6 40
prinze 1.8614722809653532 4 28
forgot 1.8528142420272182 3 22
mimic 1.8382155070012836 2 16
poorly 1.8263809586699473 9 55
plunkett 1.8083624754699859 1 10
freddie 1.7900133118309292 4 26
worst 1.7792341768406645 37 202
watchers 1.7775908221499321 2 15
nielsen 1.7618424554690382 3 20
awful 1.759037482043139 16 88
commander 1.7522729809746949 4 25
waste 1.745842196254884 17 92
patch 1.7310707890353108 10 55
carpenter's 1.7130522968100337 2 14
guinea 1.7130522864969464 1 9
henstridge 1.713052264718156 4 24
garbage 1.6791507428158265 5 28
presumably 1.6722302668360385 4 23
krippendorf's 1.6617589868011908 3 18
mess 1.6569628113400583 21 103
ridiculous 1.647811794982493 18 88
gayheart 1.6440594205204206 2 13
rip-off 1.6296706487630441 4 22
whatsoever 1.6234401556401235 6 31
stupid 1.616660455072731 36 167
schaech 1.6076918716949873 1 8
gabriel 1.6076917736814025 5 26
robbins 1.5852188822058118 4 21
pointless 1.569951508018459 14 64
poking 1.5699514428251682 2 12
bother 1.558901630300225 6 29
damme 1.5558667291327364 10 46
miserably 1.550533457855039 3 16
crawford 1.538698862204864 4 20
lucy 1.5307307265686294 5 24
betty 1.5250000763060179 6 28
laughable 1.5105280587701433 11 48
boring 1.5007197030947133 45 185
stowe 1.4899087730036875 1 7
frankenheimer 1.4899087286865118 2 11
dull 1.4899087125711752 21 87
ventura 1.4899086932327723 4 19
bore 1.4617379092084963 8 34
goldblum 1.4473491106135175 5 22
julie 1.4418995837847461 15 60
mayor 1.4386153935370167 4 18
krippendorf 1.425370247663789 3 14
here's 1.4158007763153595 13 51
sports 1.4119471981022436 9 36
badly 1.4098660281839095 12 47
tolerable 1.402897344056285 2 10
charlize 1.3845482784308132 4 17
snake 1.3799078706090349 11 42
painfully 1.3692807647487566 10 38
terrible 1.3673064101109151 25 91
mars 1.3563773922603346 27 97
laughably 1.356377371374176 3 13
mining 1.3563773240553374 5 20
insult 1.3403770447678518 8 30
muddled 1.3273898645908648 4 16
arnold 1.3273898623284026 14 50
ace 1.3200097245351579 7 26
batman 1.3180584682393484 37 127
bland 1.3134523674217657 16 56
dressed 1.3075872197759182 8 29
cindy 1.3075871550832456 2 9
anywhere 1.2892381087961766 10 35
spoiled 1.2822693936789236 3 12
saved 1.276334623552735 12 41
harry 1.270545971624168 32 105
dubious 1.2667651797395134 4 15
shift 1.25629385538749 5 18
ads 1.2487466775464764 6 21
redeeming 1.2430486774223848 7 24
breasts 1.2385943434863051 8 27
generic 1.2350164793915486 9 30
cage 1.2320796949562283 21 67
clich 1.2257572040992262 13 42
gods 1.2022267402812865 2 8
battlefield 1.202226696647287 8 26
noises 1.2022266795402672 1 5
alas 1.20222667068178 10 32
repetitive 1.2022266575455287 6 20
derivative 1.202226654399615 4 14
crap 1.183534600284366 17 52
supposed 1.181817873279277 65 193
schwarzenegger 1.1740558056826664 11 34
greg 1.1683251004054078 9 28
fatal 1.1644863657910527 8 25
disappears 1.1596670614672728 7 22
west 1.1551591725882293 28 82
dumb 1.1519649121236526 33 96
virus 1.1495829594501146 12 36
zany 1.1450683264413382 5 16
naked 1.1376881976244224 15 44
angst 1.133233778110002 4 13
patients 1.125265649534514 8 24
hired 1.1152153021668898 11 32
potentially 1.1152152949100405 7 21
bad 1.1127553006487512 295 811
lynch 1.1091362866617214 14 40
bone 1.1069164847649784 10 29
rocks 1.1021431888776814 6 18
remake 1.0990424437635795 16 45
fails 1.094806501939475 35 96
snipes 1.0844436516523963 8 23
zeta 1.0844436415899867 2 7
claire 1.0754749934429082 13 36
excuse 1.0686952749090928 15 41
titles 1.0591258004147495 4 12
screwed 1.0480760737714778 6 17
stopped 1.041884033579402 8 22
painful 1.0351726016642875 12 32
spice 1.0293838760656104 20 52
frankly 1.0199051391728577 13 34
nowhere 1.0199051162500883 23 59
tuna 1.019905105937001 1 4
rape 1.0199050841582107 9 24
adam 1.0064821272829363 14 36
remotely 1.0044009410873844 12 31
worse 1.0033757840408768 60 149
hills 1.0015559616363472 10 26
pathetic 1.0015559616363454 21 53
stale 0.9974322670221696 8 21
league 0.9945873470876219 15 38
unintentionally 0.9909176599315295 6 16
tv's 0.9860035622558811 11 28
value 0.9790832076115059 14 35
advocate 0.9790830862760931 4 11
blame 0.9711149253157583 20 49
we'll 0.9686118062412454 7 18
category 0.9638156307801129 10 25
paris 0.9509122730128858 14 34
guilty 0.9509122470212219 17 41
grant's 0.9509122399604752 2 6
devil 0.9433649901457013 18 43
instinct 0.939862415747486 12 29
todd 0.9365234682030987 9 22
hey 0.9339627293839285 16 38
miraculously 0.930292975080178 6 15
impression 0.9302929274336407 20 47
beast 0.9268147422973865 17 40
data 0.9245949145235741 10 24
54 0.9219247937715576 14 33
failure 0.9203755166984511 18 42
gags 0.9193638726308819 22 51
motions 0.9145446911350419 7 17
horribly 0.9145445931214571 11 26
screaming 0.9059608617532788 12 28
official 0.9021220780491301 8 19
suppose 0.899945824803897 22 50
trash 0.8985442747322132 13 30
explanation 0.8968449701447536 18 41
horrible 0.8958524967585362 23 52
carpenter 0.8920717694971092 14 32
ambassador 0.8920717016458664 4 10
poor 0.8904470803699116 55 122
thrillers 0.8863737565364218 15 34
hide 0.8837729166414565 10 23
mediocre 0.876804319199751 17 38
trait 0.8768042622652228 5 12
annoying 0.8733016371222746 43 94
stereotypes 0.8708695394578729 12 27
cream 0.8657544497402796 6 14
unless 0.8657544455177959 20 44
suffers 0.8613001089202061 14 31
heston 0.8573862772950935 7 16
armageddon 0.8539200734313486 16 35
holy 0.8508287783533746 8 18
catch 0.8455517829692489 29 62
football 0.8455516816449187 19 41
mildly 0.8412132985684622 10 22
beverly 0.837583546008684 11 24
anyway 0.8367669747978219 48 101
wing 0.8345018926188548 12 26
please 0.834501892618853 25 53
con 0.8318528957460725 13 28
write 0.8295514085722413 29 61
sorry 0.8241605829186014 17 36
joel 0.8227370423232827 18 38
none 0.8222948993993722 57 118
ass 0.8202920693561637 20 42
rising 0.8192344347256117 21 44
burns 0.796761663247171 8 17
cheesy 0.7967616595914002 16 33
briefcase 0.7967615924437421 3 7
instances 0.7967615734506666 6 13
flee 0.7967615481265664 2 5
toilet 0.7967615320112298 10 21
folks 0.7967615228024663 20 41
shakespearean 0.7967615126728269 4 9
offensive 0.7967615014769063 18 37
robin 0.7881035328823387 57 114
writers 0.7810132664927849 31 62
fake 0.7747826765763808 22 44
unfortunately 0.7714437555083791 99 194
filmmakers 0.7680515185480452 52 102
flat 0.7669086353169519 33 65
taylor 0.7650128920957773 15 30
blow 0.7628600295861006 14 28
teens 0.7603939266116484 13 26
throw 0.7575408455060817 25 49
devices 0.7542019300535721 11 22
jean 0.7502415120102821 10 20
subplot 0.7454683210419777 29 56
awake 0.7454682129770713 9 18
mission 0.7436517862570966 57 109
wanders 0.7396032494072227 8 16
superior 0.7396031891398707 26 50
sole 0.7361369747400488 16 31
cash 0.7348861892665308 24 46
chick 0.7322230671038437 7 14
jennifer 0.7300702091688418 30 57
designed 0.7277687072906946 14 27
joke 0.7247881335158528 35 66
predictable 0.7241909213777387 49 92
replace 0.7226535957554141 6 12
bunch 0.7193749446212809 46 86
talks 0.7188000175422982 19 36
corny 0.7167188476239641 12 23
explained 0.7145234517720827 18 34
involves 0.7126785006247189 30 56
material 0.7111061314397684 66 122
comprised 0.7097501634963397 5 10
reason 0.7059865631402555 120 220
promise 0.7057897538610511 22 41
holes 0.704388274392084 16 30
weak 0.7032355479284291 27 50
bat 0.7014513430381903 10 19
handle 0.6983215131096365 15 28
cap 0.6914010978708678 4 8
extended 0.6914010604516765 14 26
apparently 0.6878674413635544 62 112
urban 0.6867606900490895 23 42
attempt 0.6867606898500007 71 128
why 0.6860102344138967 247 443
cars 0.6855359725307544 18 33
! 0.6848835032330074 495 886
banderas 0.6834328794988753 13 24
cheap 0.682351252624338 36 65
b 0.6809298045655137 31 56
junk 0.6789785645558712 8 15
guess 0.6761335836071325 65 116
priest 0.6741592295509697 12 22
freeman 0.6715984494001503 16 29
twice 0.6681442308724925 28 50
minute 0.6675498565615676 32 57
meant 0.6632302117003892 27 48
wasn't 0.6632302048775305 87 153
selena 0.6632301908142306 3 6
solely 0.663230143495392 11 20
plain 0.6569995848889594 22 39
christopher 0.6547913641325831 33 58
brain 0.6501580433424348 21 37
decent 0.6479160252922238 46 80
signs 0.6472298642079064 17 30
fat 0.6426109390284154 20 35
partner 0.6426109144070082 34 59
developments 0.6426108816167577 6 11
maybe 0.6393693513483623 102 175
broderick 0.6376968954059432 16 28
teenage 0.6364189047552049 26 45
hayek 0.6342426840309194 9 16
producers 0.6316818260395802 22 38
reads 0.6297074629937374 12 21
jokes 0.6278630477803411 73 124
laughed 0.6268625439752125 15 26
cares 0.6234898479076616 21 36
scott 0.622914671390097 46 78
games 0.6224081527040219 24 41
names 0.6215575135480922 27 46
loud 0.6208709091781834 30 51
ideas 0.6190804961268501 42 71
ripped 0.6144400392159728 8 14
outrageous 0.6144400133389034 14 24
tiring 0.6144399745233002 2 4
female 0.6095501287380607 40 67
talents 0.6081704476122916 31 52
don 0.6067179895464871 25 42
* 0.6051376516014297 323 534
nudity 0.6043896597564711 19 32
pull 0.6026055731105373 33 55
saves 0.6000512635437634 13 22
chief 0.5960909282362312 21 35
talent 0.5960908874271418 65 107
wouldn't 0.5931627092131659 56 92
o'donnell 0.5931625873314381 18 30
hoping 0.5891222156739211 23 38
moronic 0.5891222131189782 7 12
cartoon 0.5864661964921556 28 46
emily 0.5831874429927897 12 20
product 0.5816501929216447 30 49
space 0.5809440615910688 84 136
save 0.578072373066016 83 134
infamous 0.5736180154567858 14 23
animals 0.573617999179568 19 31
sexy 0.5736179837319302 24 39
earth 0.5720925200096332 81 130
silly 0.5709549283740838 46 74
bored 0.5689776647507223 26 42
nothing 0.5680357128913363 246 392
wilson 0.5662379262715191 16 26
looks 0.564649385657856 139 221
profanity 0.5631466748275447 11 18
1 0.5614475251231585 61 97
weapon 0.5603727623395045 18 29
seemed 0.5583505565709093 65 103
trailer 0.5555995009140187 41 65
breathing 0.555599496986531 6 10
script 0.5552314455133951 246 387
except 0.5541999454111846 64 101
ugly 0.5516391700870003 22 35
potential 0.5506285682679017 54 85
keanu 0.5499014968624394 15 24
decided 0.5475458299085982 33 52
brothers 0.54681986997244 51 80
sylvester 0.5454471629263598 8 13
seriously 0.5454471181970248 53 83
tv 0.5447397540390995 100 156
add 0.5441708232942908 55 86
kiss 0.5429810826449764 28 44
attempts 0.5423367208699954 68 106
villain 0.5412366441093823 50 78
accent 0.5408281950395271 30 47
sits 0.5389325143962829 10 16
missed 0.5364784793927715 23 36
club 0.5357478041692065 36 56
obvious 0.5349589518982185 88 136
donald 0.5343972740206979 12 19
least 0.5314517976862403 220 338
throws 0.5310583973837915 14 22
what's 0.5304936260901147 76 117
credits 0.5303569155203451 61 94
fair 0.5296988290639533 31 48
bug 0.5284975954152848 16 25
answer 0.5274286927887264 35 54
thirty 0.5264712083452974 18 28
mental 0.5248278403371156 20 31
disaster 0.524117398504913 43 66
20 0.5234682354883802 22 34
plot 0.5226656730717378 462 703
cruise 0.5223246840361746 24 37
cliches 0.5213496134731894 26 40
flying 0.5205081799305944 28 43
include 0.5180481904179235 36 55
expected 0.5164597105226321 44 67
eddie 0.5158592397523556 48 73
murphy 0.5153491228874145 52 79
should 0.5138642368884154 277 418
minutes 0.509079566516637 201 302
hopeful 0.5090795597213411 5 8
total 0.509079533540941 29 44
sit 0.5090795264346202 45 68
angel 0.5090795160873416 17 26
car 0.5090795151713188 103 155
sounds 0.5090795143861584 41 62
massachusetts 0.5090794989803218 3 5
eric 0.5090794901218345 21 32
studio 0.5090794827655323 49 74
drags 0.5090794769855833 13 20
miserable 0.5090794738396696 9 14
couldn't 0.5039381293865919 64 96
whatever 0.5016445946312622 44 66
problem 0.4962752745081431 130 193
check 0.49565648860140143 24 36
neither 0.49509323251629134 47 70
taste 0.49307913998915076 20 30
lines 0.4921011757807854 98 145
accidentally 0.49137988604989147 18 27
laughter 0.48927687915874607 16 24
desperate 0.48802613091165625 31 46
antics 0.4866066308265591 14 21
road 0.48554907148459314 42 62
shouldn't 0.4849819722617479 27 40
low 0.4831040737847285 38 56
campy 0.48310397432494234 12 18
mad 0.48090862512272103 23 34
max 0.47966564035568204 45 66
oh 0.4792265628651702 67 98
evident 0.47830782954493145 10 15
scary 0.47712798472675466 52 76
nick 0.47681865111817423 41 60
foreign 0.4751779198454624 19 28
barely 0.4733614159122581 37 54
professor 0.47133919037555394 26 38
enemies 0.4713391852311073 8 12
name 0.4694143103137005 119 172
nobody 0.46825756892997106 24 35
clue 0.46651988090732743 15 22
exact 0.46462773197260354 22 32
there's 0.4644473505342175 335 481
girls 0.46326993268661454 66 95
wait 0.4622482817584004 50 72
storm 0.46028931499721715 20 29
response 0.46028930801349155 13 19
teen 0.45815948480720436 46 66
you're 0.4576309690658693 112 160
thinking 0.4568937657988368 58 83
investigate 0.4550122392108733 18 26
interest 0.45350972210961693 73 104
dante's 0.45192114588139276 11 16
editing 0.44845488127662847 33 47
better 0.44791541313484373 308 435
hollow 0.4465591291969666 21 30
feet 0.4453636495291775 26 37
gang 0.444541017064477 31 44
needed 0.44394021272267103 36 51
figure 0.4400866116967084 64 90
factor 0.4400866108256114 14 20
desk 0.4400865975500565 4 6
creature 0.43574822435925853 32 45
steve 0.4344686600527581 50 70
grant 0.4338560713957005 22 31
got 0.4336557872814133 155 216
exercise 0.4321184689745685 17 24
care 0.4290368592187388 103 143
williamson 0.42638776100301 20 28
ten 0.4220681216069444 47 65
enhanced 0.42206811435009506 7 10
gone 0.42052619277848713 58 80
give 0.41768324960368375 186 255
angle 0.417271908354639 18 25
can't 0.41598914486886773 209 286
project 0.415989106101776 59 81
development 0.4153940422571978 40 55
lacks 0.4137693605164081 32 44
everett 0.413769304205033 10 14
basically 0.4128026823153963 68 93
makeup 0.40899600831773597 13 18
cameo 0.4058952632036341 33 45
travolta 0.40471949646613226 36 49
covered 0.40371895071103836 19 26
they're 0.40297299166235945 148 200
no 0.40222557936396 818 1103
fish 0.40210737104773564 22 30
thinks 0.4014488819665285 48 65
tries 0.4013266832394162 123 166
asked 0.39907864090284484 31 42
given 0.3985377003163695 171 230
year's 0.39696221893746575 43 58
guy 0.39600238088040385 211 283
move 0.39552483887636036 58 78
she's 0.39311968978846323 136 182
isn't 0.3930432327112001 285 381
helen 0.39129653442297396 26 35
doctors 0.3912964710924509 8 11
shreds 0.39129646103004134 2 3
handful 0.39129644185351964 14 19
ape 0.3912964387076041 20 27
? 0.38862111080373474 1309 1741
dialogue 0.3868222032164814 167 222
daughter 0.386612578196166 106 141
planet 0.3854656095573219 85 113
explain 0.3839163993607837 33 44
appear 0.3818177734868353 52 69
5 0.38124613081557435 24 32
college 0.38060121549925796 46 61
door 0.37902639541817784 40 53
practically 0.37805119209810023 18 24
sequel 0.377503119163082 72 95
kill 0.3760290011272005 98 129
running 0.3759621159365363 114 150
facts 0.3755480943491474 15 20
appears 0.37390481347075877 86 113
boss 0.37327796856997075 41 54
africa 0.37187844537879045 12 16
jason 0.37187843451120806 38 50
point 0.37162372444446135 230 301
pass 0.3702431030237854 35 46
career 0.3697240209092225 81 106
am 0.36931756846821706 68 89
jerry 0.369317546055802 45 59
spends 0.36830698435477593 32 42
knew 0.36776599580603886 42 55
review 0.3674290644330753 105 137
mentioned 0.3659786830041405 29 38
complete 0.3659786788806816 69 90
twelve 0.36597861985480407 9 12
either 0.36541709764238384 136 177
laugh 0.3649791411162777 76 99
guys 0.36434072662828143 93 121
idea 0.364215549559308 130 169
adams 0.3631255998243539 26 34
budget 0.362476041666703 43 56
falls 0.36202615764805657 77 100
air 0.36144354914341115 50 65
location 0.36144349664640174 16 21
saw 0.3609493127708312 91 118
video 0.36015626072015827 105 136
any 0.35942876955740477 541 699
vampires 0.3585066214362609 30 39
five 0.35620519971947573 86 111
wished 0.3549288932115324 6 8
nor 0.3549288416739511 62 80
`the 0.35492879186858595 20 26
synopsis 0.3504744702386713 24 31
trip 0.3497475256684055 42 54
fan 0.3487368907705939 53 68
throwing 0.34873685301945656 17 22
didn't 0.34789221524905756 205 262
amusing 0.34781139050732435 46 59
i'm 0.3477346180282064 216 276
did 0.3476295476295368 274 350
dollars 0.3472364958270262 28 36
movie 0.346675361642383 1878 2395
standard 0.3465605720278191 39 50
effort 0.3447765033415333 54 69
players 0.3447764378010785 32 41
momentum 0.34477642791541996 10 13
thought 0.343755585930106 139 177
thriller 0.34236582914687474 88 112
gun 0.3420254211043421 51 65
yourself 0.3412860645619453 40 51
pulling 0.34000314215776406 14 18
owner 0.3384540231991515 33 42
whole 0.3379312765071605 177 224
cable 0.33722919421598263 18 23
else 0.33567329995043416 133 168
baseball 0.3354159920615949 22 28
problems 0.33472614428771585 99 125
need 0.3338754697079036 111 140
don't 0.33324848778197946 429 540
sign 0.33318886258688174 30 38
thin 0.33187309828316813 38 48
then 0.3311049108306081 504 633
that's 0.3310042824474708 281 353
could 0.33038775812887966 494 620
killed 0.3292864530574722 78 98
chase 0.32675795861291235 55 69
they'll 0.3267579356901429 11 14
misha 0.3267579253770556 3 4
endless 0.3267579035982653 19 24
called 0.3236763014479891 129 161
thrown 0.32186801673496035 40 50
calls 0.3213378805110203 36 45
if 0.3209700838763432 1004 1248
myself 0.32067893307724304 65 81
tim 0.3198375761555958 57 71
mean 0.31950283956157044 82 102
appearance 0.31802428351747203 45 56
cat 0.31718846101235165 20 25
cop 0.31578902410020504 54 67
literally 0.31492347664545406 33 41
writing 0.31215917572230545 68 84
likes 0.31125376819953665 38 47
ann 0.311253760527439 12 15
action 0.31046429810572107 395 486
wrong 0.3103273989814497 134 165
plan 0.3102286034809314 60 74
screenwriter 0.30995085042257564 47 58
vegas 0.3094664882060094 34 42
lost 0.3091542535542562 148 182
regular 0.3084087810764018 21 26
stone 0.3084087810764 43 53
talented 0.30770982793246304 52 64
girl 0.3073935581409266 145 178
boat 0.3072133217405053 30 37
matthew 0.30655523579977917 39 48
quickly 0.3042851539041358 89 109
huge 0.30428510756154914 62 76
dying 0.30428509630857725 26 32
bitch 0.3042850864622242 8 10
10 0.3024652810197299 49 60
aren't 0.30228506218382023 90 110
ground 0.30206534830540654 40 49
talking 0.30144016652767647 63 77
hold 0.300324669766189 45 55
someone 0.3003246457528874 137 167
trying 0.2997968228154244 202 246
watching 0.2981027237612972 176 214
altogether 0.2977704793715841 13 16
anyone 0.29777039660045457 153 186
formula 0.2959862688289867 32 39
corner 0.2946695761429883 18 22
luck 0.29285638169593575 23 28
kevin 0.2919240125869731 110 133
johnny 0.29166664155697575 28 34
apparent 0.2902004001308711 38 46
recently 0.28933161078215974 48 58
presence 0.2883484778515246 68 82
paul 0.28804349194974854 78 94
couple 0.287017625814574 153 184
started 0.2859360270515605 29 35
mistake 0.28593594489877283 24 29
bites 0.2859359057161477 4 5
have 0.285655535296665 1782 2138
do 0.28472752126116596 689 826
summer 0.28436244731960514 105 126
ends 0.2841983358881386 95 114
suspense 0.28358580601839734 70 84
get 0.2828709739596649 707 846
intelligence 0.2818626805069204 40 48
stuff 0.28159752516116576 76 91
start 0.2815014003384029 112 134
big 0.28123009060259907 354 423
deliver 0.28054512630573214 30 36
off 0.2796951726902144 508 606
wears 0.2779677447558129 20 24
writer 0.2779677447558111 62 74
tough 0.2768861139537879 36 43
2000 0.27546462568130003 15 18
apart 0.2742399702838014 42 50
fight 0.2737653977838299 123 146
test 0.2735134357316742 26 31
acting 0.27313686659902103 248 294
water 0.2730325673355871 64 76
heroes 0.27269071230013786 37 44
stand 0.27223714205551985 48 57
director 0.2716592801579081 387 458
hell 0.2716062007103677 81 96
coherent 0.2706684502201675 10 12
substance 0.2679174550971357 27 32
movie's 0.267917428462237 83 98
miss 0.2672438808398301 44 52
stanley 0.2661333076733623 16 19
intended 0.26488253764748215 39 46
team 0.26429680191294835 108 127
sends 0.2639570229271708 22 26
even 0.26236281362450153 929 1089
odd 0.26124335042328894 40 47
who's 0.2604569090461908 105 123
only 0.26045683682881027 900 1053
middle 0.25776510079673187 77 90
attractive 0.25776509245294044 29 34
revenge 0.2577650664612765 35 41
geniuses 0.25776505940052985 5 6
already 0.25645363983839786 108 126
obviously 0.25608299839018756 84 98
just 0.2560065807497445 1056 1230
girlfriend 0.2558062445013256 72 84
starring 0.2556306002339692 66 77
going 0.255116106874655 323 376
killer 0.254845433511397 97 113
cut 0.25355454972297764 67 78
yes 0.25342665744699033 98 114
i 0.25338600856322824 2778 3227
chosen 0.25314620663430176 30 35
eye 0.25265001305854007 55 64
know 0.25241330421095753 454 527
incredibly 0.2520343909045657 49 57
under 0.2502179423647455 132 153
struggling 0.2502178095857559 18 21
grace 0.2481956463465167 44 51
richard 0.24786404642427762 57 66
we've 0.24671528628369188 38 44
morning 0.24671523518754057 25 29
okay 0.24526492656424992 45 52
comedic 0.24469296913323113 32 37
my 0.24464188804812004 514 592
ask 0.24419642017521426 52 60
described 0.24337628764315333 19 22
thing 0.24294302118555056 300 345
made 0.2421069832877336 376 432
so 0.24200658241969375 1333 1531
scientist 0.24176473538370935 26 30
women 0.24081553627796737 101 116
dozens 0.23714579452023266 13 15
used 0.23714578082964977 132 151
giant 0.2371457726802202 69 79
bride 0.23714574687369527 20 23
looking 0.2363390313372058 154 176
pretty 0.2359255621115839 204 233
shallow 0.23366756173744108 35 40
doesn't 0.23340750999128712 468 533
wonder 0.2318686878966627 94 107
clothes 0.23144773396362872 21 24
interesting 0.23127758860538972 234 266
money 0.23123831842779907 190 216
peak 0.22877761321161216 14 16
might 0.2275252160385861 234 265
talk 0.22667446735451335 83 94
enough 0.2262167491231839 344 389
type 0.2262167179314165 68 77
self 0.22621669207093653 22 25
suddenly 0.22550424651273282 53 60
lack 0.22531131680164584 84 95
trust 0.22497527203568168 30 34
happen 0.22397815425920875 85 96
onto 0.22375877101577224 46 52
been 0.2233949290624926 777 876
here 0.22326087717672927 416 469
agent 0.2231595037152001 62 70
sort 0.22247556954795833 102 115
actually 0.22174564950210218 318 358
distracted 0.2213975105750965 7 8
critique 0.2213974125615117 23 26
there 0.22063682642395843 1022 1149
 0.21989072359187567 737 828
me 0.21973766858184174 535 601
waiting 0.2186837323502946 40 45
managed 0.21802477369845796 32 36
j 0.2169430686091598 49 55
example 0.21663782967771716 116 130
had 0.21645541100903554 585 655
shots 0.21640985811695046 66 74
dr 0.21609237880502974 83 93
stop 0.21540580107001972 92 103
think 0.21531842267281576 329 368
jamie 0.21484000797760672 16 18
series 0.21331333862013668 206 230
i'd 0.21224827580542183 60 67
damn 0.21182801383084104 34 38
meanwhile 0.21085999878668993 52 58
begin 0.2103823491265029 70 78
nemesis 0.20897489748918474 8 9
or 0.2069850377913376 1156 1282
utterly 0.2053970941722678 27 30
doing 0.20515080910464256 130 144
wrote 0.20471053652245885 46 51
quality 0.2044191485276201 65 72
box 0.20369793212314136 56 62
they've 0.20369778958480822 18 20
goes 0.20293263179551246 248 274
want 0.20279476862184342 210 232
look 0.2012529101220597 311 343
hours 0.20098858636858985 87 96
e 0.200778172921094 48 53
around 0.19946238926548254 337 371
boyfriend 0.1989245889371638 29 32
knife 0.19892452108592096 9 10
early 0.1972998998099662 111 122
includes 0.19670486850744417 40 44
half 0.19639613953880009 143 157
nasty 0.1959877927943534 30 33
premise 0.19563335010140115 82 90
granted 0.19458612880070092 20 22
hero 0.1941283570404302 94 103
purpose 0.19376553006005004 52 57
fare 0.1932265759764764 31 34
phone 0.19062585402702759 32 35
screenplay 0.19062581390895517 109 119
frustrated 0.19062573608151112 10 11
gets 0.1903740660566804 330 360
i'll 0.18938123878198176 66 72
humans 0.18913660530129128 55 60
missing 0.1887722622914918 44 48
respect 0.18817181254283355 33 36
went 0.18749584739368075 79 86
handled 0.18699597581439775 22 24
opposite 0.1858524729844646 34 37
dead 0.18529246232792573 140 152
cops 0.1836571386398056 35 38
hit 0.18365708344313347 107 116
closest 0.1836570817052774 11 12
comedy 0.18239530043078833 304 329
forward 0.18157592498074848 36 39
television 0.18100113981690136 86 93
explains 0.18057542177014163 24 26
anything 0.17980355409846815 239 258
too 0.17976458875285406 593 640
sex 0.17973812014361634 176 190
free 0.17912201679936324 50 54
having 0.1790381482789849 216 233
sequences 0.17896381973352682 114 123
giving 0.1786495707016229 76 82
tune 0.17772235889792753 12 13
likely 0.17772235609566778 64 69
actress 0.1766395268219778 65 70
island 0.17637382151592718 52 56
heads 0.17593504763867074 39 42
deep 0.17571768156801326 106 114
bar 0.1750733563975686 26 28
" 0.1747455987763784 6944 7456
we're 0.17471030921344521 94 101
completely 0.17465021474311904 162 174
producer 0.17423196579306222 40 43
coming 0.1732943186960565 96 103
like 0.17328732851139073 1371 1470
funny 0.17304289970753128 305 327
clues 0.1726072691803342 13 14
d 0.1726072649578505 41 44
audience 0.17182264939884195 339 363
jeff 0.17105568589913567 42 45
actors 0.17080393884938427 258 276
this 0.1707853578609546 3698 3955
horse 0.17030577711633121 28 30
rock 0.16986378671043667 72 77
000 0.1695723680128456 43 46
came 0.16899716703036383 73 78
facial 0.16815292836026074 14 15
protagonist 0.16613476851990505 30 32
main 0.16536247291657347 156 166
spin 0.16423909673514814 15 16
every 0.1610714355355567 371 393
staged 0.16077289287140317 16 17
peter 0.16023331172084276 102 108
office 0.15996735647942906 68 72
needs 0.15887710012405343 87 92
about 0.15872676415838782 1358 1435
' 0.15842260611048964 70 74
said 0.15804963308678666 142 150
johnson 0.15768159779342916 17 18
plans 0.15625816613136934 36 38
fast 0.1549077327342001 56 59
strangely 0.15490762061271646 18 19
line 0.15458082342238377 152 160
how 0.15430094808509498 576 606
stay 0.15321138298552128 58 61
original 0.15314834255379228 255 268
favorite 0.15240460240930354 59 62
affleck 0.15240450108497328 39 41
something 0.15124253293731904 409 429
track 0.151242492345812 40 42
be 0.15093860020152228 2372 2487
bob 0.1508673264813094 61 64
simply 0.150681959181739 165 173
hong 0.15013436224346854 41 43
word 0.14907682205628525 85 89
house 0.1480662103746475 131 137
quaid 0.14806611800851677 21 22
discover 0.14709956413919478 44 46
: 0.14692505404270229 1219 1273
laughing 0.14617397793228015 45 47
he's 0.14505979206530561 448 467
billy 0.1444363654487386 47 49
desperately 0.14283509091390734 24 25
business 0.1423288626623318 75 78
sent 0.14208074373505752 50 52
students 0.14135471205890937 25 26
mr 0.14107202197589075 130 135
independence 0.1399820341021627 26 27
hear 0.13933255137062517 54 56
murders 0.13870571518612707 27 28
course 0.13790351339976414 257 266
across 0.13751602596972212 86 89
ahead 0.1375159521243976 28 29
stars 0.136840066076358 147 152
sick 0.1364042280122959 29 30
zero 0.135363107943002 30 31
close 0.1347049729854053 94 97
points 0.13438607246069978 63 65
would 0.13404885939530065 808 833
realized 0.13346744018707923 32 33
some 0.13277099339790954 1182 1217
out 0.13268622184257417 1355 1395
current 0.1326019582727831 33 34
instead 0.13028265574876308 221 227
kelly 0.1302826252849929 36 37
avoid 0.12893219459627048 38 39
machine 0.12714488879621832 41 42
camera 0.12696178971582306 126 129
case 0.1268712584791789 169 173
rest 0.12673686225797276 170 174
hardly 0.12559331413486596 44 45
says 0.12361507857399268 98 100
mary 0.12303250924174414 50 51
haven't 0.12070886685683035 57 58
effects 0.11980908979932181 244 248
scenes 0.11971131720664108 492 500
effect 0.11800312738021645 68 69
michael 0.11611451831475428 158 160
now 0.11609896527494445 397 402
humor 0.11596019675766733 160 162
you'll 0.11478772519295077 88 89
fans 0.11442534197482246 91 92
title 0.11234813293219581 113 114
really 0.10834256667920528 632 635
plays 0.10687704211566462 305 306
mentor 0.10361448268722562 8 8
nicholas 0.10361447903145482 16 16
french 0.1036144580098366 48 48
months 0.10361445431513694 46 46
gore 0.10361444589465307 42 42
speak 0.10361443574689133 38 38
williams 0.10361443147023408 76 76
meaning 0.10361442985021974 36 36
emotion 0.10361442327964099 34 34
notice 0.10361441591263088 32 32
say 0.10361441326891807 314 314
arguments 0.10361441188379672 7 7
conflict 0.10361440759503715 30 30
clown 0.10361440302036229 14 14
were 0.1036144030203614 479 479
maclachlan 0.10361439289072116 6 6
killing 0.10361438726314276 53 53
rival 0.10361438120267508 25 25
capable 0.10361437465736856 24 24
far 0.10361437028551723 244 244
uncovers 0.10361436756662101 5 5
excitement 0.1036143598592858 22 22
lovers 0.10361435145128439 21 21
dozen 0.10361434224252086 20 20
alarm 0.10361433211288151 4 4
scheme 0.10361432091696088 18 18
you 0.10306116028651058 1807 1806
all 0.1012390982400273 1685 1681
since 0.100414440347528 312 311
things 0.097732061108883 340 338
getting 0.0974224290798773 161 160
they 0.09716843684850929 1711 1700
up 0.09630035644230617 1234 1225
at 0.09606722028086612 1994 1979
starts 0.09545111018023 122 121
moment 0.09538385231415347 121 120
opening 0.09531561931235544 120 119
level 0.09325160455740011 96 95
alone 0.0931430880474391 95 94
laughs 0.09205364980808994 86 85
played 0.09075257462885933 312 308
absolutely 0.09000880467938188 73 72
was 0.08950838538463124 1998 1970
down 0.08934880304998671 352 347
saying 0.08879936314008496 67 66
hard 0.08857652842899633 200 197
wish 0.08652000399938053 58 57
let 0.08607004865615053 114 112
quick 0.0855959227530878 55 54
few 0.08502150207145576 379 372
forget 0.08492229090022363 53 52
tone 0.0841963333756901 51 50
thus 0.08381179298520536 50 49
aside 0.08341170685888244 49 48
good 0.08319457718866641 939 920
news 0.08299512792620511 48 47
sean 0.08256099949795548 47 46
julia 0.08163549601643538 45 44
much 0.08125328479420091 813 795
saving 0.08114154757763359 44 43
s 0.08044733712453933 130 127
appropriate 0.08008389934095561 42 41
woman 0.07986026570283933 212 207
walk 0.07951683751868543 41 40
on 0.07892178102695091 2910 2839
try 0.07829657607172003 119 116
before 0.07763893736614591 389 379
creepy 0.0776388949005149 38 37
seems 0.07707490101781733 419 408
results 0.07621551017878936 36 35
join 0.07544354808860554 35 34
another 0.07475554925572947 456 443
crazy 0.07462694403831271 34 33
head 0.0735369605403875 134 130
police 0.07346139904358395 100 97
wants 0.0720328161312187 192 186
turning 0.07186571153583188 31 30
three 0.0710912160818511 249 241
slapstick 0.07082458260310354 30 29
actor 0.06971285968011376 209 202
steal 0.06971284902615515 29 28
go 0.06884850306544887 438 423
tell 0.06802349227066173 142 137
put 0.06746585142380468 168 162
amy 0.067246746051703 27 26
sight 0.06657319441740306 54 52
essentially 0.06587405640691024 26 25
part 0.06494527785862747 289 278
hope 0.06477462762384256 104 100
dean 0.0643936649461363 25 24
kind 0.06369775800954702 229 220
basic 0.06360912518671924 50 48
explosions 0.06279237677525096 24 23
end 0.061155167207870065 432 414
questions 0.06105483903484554 71 68
. 0.06075990337013826 26984 25852
insight 0.05916259330205342 22 21
slow 0.058494012718410815 67 64
scene 0.05777687011204691 557 532
your 0.057761070841712225 356 340
intentions 0.05709433145033671 21 20
must 0.056361491655023244 259 247
fact 0.05545091806179592 318 303
members 0.05482420688905165 62 59
harrelson 0.0548241732704291 20 19
) 0.0547312823922832 4841 4610
offers 0.05232114048203229 59 56
virtually 0.052321032417125934 39 37
lot 0.05213247876937821 278 264
it's 0.05177554675382545 1543 1465
count 0.05097069946574173 38 36
wanted 0.050504605697151206 57 54
top 0.050030182920270505 114 108
when 0.0499205004138652 1338 1268
appeal 0.04954720581075733 37 35
what 0.04892922226072205 1258 1191
next 0.04804457444557109 184 174
brother 0.04710216473197448 90 85
probably 0.04672700970491572 216 204
highlight 0.046456068847277265 17 16
exist 0.044773919763864356 34 32
( 0.04328818120086453 4816 4534
little 0.04318787905625676 630 593
time 0.04312320261122515 936 881
york 0.04298979510308776 101 95
discovery 0.0429897941801034 16 15
seem 0.04298975697345764 237 223
becomes 0.04298973407706175 220 207
last 0.042245415320043556 335 315
climax 0.04173900870658542 49 46
show 0.04087604215203022 295 277
ago 0.04070063865936291 81 76
joe 0.04060144241427288 130 122
again 0.040513688432058714 277 260
biggest 0.04010100278404671 64 60
to 0.03944363680245999 13047 12236
body 0.0390759245824146 111 104
surface 0.039075886543898264 31 29
-- 0.03825919742071093 489 458
die 0.03823170273513554 78 73
chance 0.037656437753575744 93 87
william 0.03736507429490388 77 72
ultimate 0.0369230286088964 30 28
god 0.03540614814769505 90 84
james 0.03501613173169993 180 168
once 0.03491790373952597 240 224
land 0.034621527576685907 44 41
arm 0.03462152673074925 14 13
can 0.033844834687770664 919 857
them 0.0331245389925412 763 711
dies 0.03299682672650128 43 40
originally 0.0321554289957664 28 26
that 0.031482616796283835 6221 5788
1998 0.03129373036886385 42 39
hate 0.030855113242648002 56 52
merely 0.03058925416053171 70 65
recent 0.030410985247995015 84 78
bring 0.029506460523400335 97 90
switch 0.029506415195468705 13 12
victim 0.029506414421049953 41 38
behavior 0.026653340150371463 26 24
left 0.025963522245408654 173 160
work 0.025716109875731696 426 394
but 0.024943417228127984 3581 3310
theater 0.02447710327052377 91 84
twenty 0.023571779794311354 38 35
improved 0.023571667064018698 12 11
city 0.022064584996549286 165 152
conclusion 0.021936427034422223 50 46
unlikely 0.020232758702256604 24 22
she 0.020070713645208293 1072 986
away 0.019915444948280125 273 251
christmas 0.019057096338841006 36 33
jim 0.017847601026538484 72 66
character 0.0173075263509741 773 709
crying 0.016602982936394284 11 10
than 0.01597464418434491 1012 927
bruce 0.015061034864954692 58 53
evil 0.014948826995732745 164 150
falling 0.014002259186961297 34 31
sure 0.014002238175322645 209 191
through 0.013689761542263312 499 456
where 0.013431980501622753 602 550
read 0.013230345986240621 80 73
it 0.01297410569394053 5169 4721
comes 0.01264257330110663 298 272
cast 0.012642573301105742 321 293
familiar 0.012047211811514913 79 72
such 0.011619077312939652 511 466
crew 0.011595450276914221 90 82
matter 0.011499166843538688 124 113
brian 0.01124109383213856 33 30
long 0.011139347161608804 316 288
decides 0.010832783063705165 78 71
within 0.010524022852850479 89 81
full 0.009928897769659883 122 111
mystery 0.009585452589261578 77 70
constant 0.00830422999582936 32 29
cave 0.008304162478244947 10 9
second 0.0076503526305575775 152 138
take 0.006672466132170207 367 333
steven 0.006450672351885345 53 48
special 0.005758660356001144 235 213
red 0.005634046981858987 74 67
murder 0.005496563533574417 106 96
efforts 0.00517433254969113 31 28
real 0.004523467740823683 370 335
actual 0.0035309443507216542 62 56
susan 0.003530873574673521 20 18
meets 0.002970947722046091 93 84
decide 0.002518298995353163 51 46
style 0.0023606951985222224 134 121
smile 0.0018317063134904998 30 27
face 0.0015651069501725345 133 120
old 0.0013838029555923725 318 287
after 0.0013560410486892494 750 677
exactly 7.371918692555823E-5 121 109
her -1.2319527944271158E-4 1846 1664
reviewed -0.0017460826890776104 9 8
mostly -0.0017461051405920358 99 89
previously -0.0017461201082689115 29 26
not -0.0023239394217569043 2307 2075
characters -0.002779600483530764 752 676
lee -0.0028690712279075825 98 88
an -0.003317535988564657 2405 2161
break -0.0033577370604280787 68 61
into -0.003648047134070964 1110 997
soon -0.0038714271921698185 156 140
because -0.0042745954721405965 703 631
piece -0.005188453765066825 96 86
lovely -0.005584901860467895 28 25
features -0.0063864905108559356 95 85
consists -0.007611208029191019 18 16
taken -0.007611231759982573 94 84
two -0.00784099812051764 767 686
found -0.007976617848422407 160 143
for -0.008413646248717654 4179 3736
over -0.00847190790886998 546 488
taking -0.009326062654350764 102 91
screen -0.0094090151640005 261 233
asking -0.009714301061070074 27 24
written -0.010795927935607352 147 131
you've -0.011161051229588992 82 73
considering -0.011898424130935226 54 48
popular -0.01264534348134383 81 72
fall -0.012919383578127608 99 88
won't -0.013022441263393247 108 96
never -0.013489532545262861 551 490
cab -0.014168616004074153 8 7
weapons -0.014168657731746137 26 23
imagine -0.016529852137930234 52 46
school -0.016529907953941603 158 140
number -0.016749253520076834 96 85
one -0.017885200326678508 2324 2058
park -0.018275457514461024 60 53
consider -0.018987951008975656 51 45
day -0.019491635777057148 258 228
runs -0.01999956932689173 85 75
a -0.020069764801123213 16124 14248
possible -0.02025511198416119 102 90
eerie -0.021548731159795054 16 14
working -0.021548757768018234 84 74
expect -0.022265822423646497 92 81
match -0.023137321860099647 41 36
spend -0.02354076501737623 66 58
certainly -0.0239468974306547 166 146
flash -0.02421900785497577 24 21
tension -0.02500294968745287 57 50
play -0.025415868898337024 189 166
suggest -0.025597323998377775 32 28
roles -0.026197183933408752 114 100
four -0.027225120026722394 105 92
in -0.027836173387679075 9189 8057
sound -0.02855737989767171 104 91
act -0.02873700017919667 120 105
; -0.029177069971254355 771 675
back -0.029282290389547327 449 393
telling -0.029916968859556192 55 48
relevant -0.029916989745714773 7 6
agree -0.029917037064553398 23 20
watch -0.030495540338739247 246 215
days -0.03205150669845125 133 116
fire -0.03251775421456671 54 47
goal -0.033586634045637 38 33
are -0.033596638732751316 2955 2576
bloody -0.034535940525527664 30 26
lawyer -0.03522202580041167 53 46
overcome -0.03614759567098602 22 19
manages -0.036614922710962006 106 92
john -0.03661498054945245 320 278
ability -0.036967553877380155 60 52
affair -0.03746423230363938 37 32
directed -0.0383558164273623 135 117
movies -0.038390417610487226 490 425
beyond -0.03855997090101937 82 71
becoming -0.039486400244785 44 38
situation -0.03948641933118502 74 64
pulled -0.039486450964503206 29 25
casting -0.04096681485182607 51 44
later -0.041375848528868886 162 140
wayne -0.04156758851251041 36 31
come -0.04185607977750294 324 280
gift -0.04298913721751063 21 18
large -0.043710293884400286 72 62
serves -0.044805618117006674 28 24
keep -0.04530893181560991 158 136
hotel -0.045917316352038995 35 30
public -0.0466677647616649 42 36
romantic -0.047208481302224214 99 85
liked -0.04793545988334813 63 54
book -0.04819159563531272 141 121
felt -0.048401749937006855 77 66
those -0.04978414224642691 442 379
negative -0.050536241531530024 20 17
recommend -0.050536276704969296 48 41
favorites -0.050536298943187674 6 5
these -0.051423129846544846 563 482
we -0.05187046825571873 999 855
reasons -0.05357112228323224 54 46
forever -0.05460957258055643 40 34
from -0.05473149973272928 2109 1800
heard -0.05499063786949243 74 63
parody -0.05545028515400219 33 28
based -0.05672821733756983 161 137
background -0.05672827580474049 53 45
production -0.057067925277424436 127 108
fighting -0.0576537512194637 46 39
night -0.058552415785232625 166 141
their -0.05859471505112879 1328 1129
reference -0.05890449652902596 19 16
room -0.05942522585391785 112 95
the -0.05958564011044931 32912 27956
feelings -0.06068864629378368 32 27
rules -0.06146535452036517 45 38
everything -0.06217782593904708 215 182
major -0.06343967976415676 129 109
twisted -0.06343971756620803 25 21
has -0.06427161032541306 2076 1755
shot -0.0647209317562698 141 119
living -0.06520650290382335 102 86
who -0.06523604052617671 2329 1967
worth -0.06546190346076486 134 113
genius -0.06628463658473294 31 26
cute -0.06701106297438919 50 42
sequence -0.06785713819477124 164 138
people -0.06792798392652521 608 512
herself -0.06823589288054244 75 63
elements -0.06885480570180391 100 84
same -0.07060998377007 368 309
nice -0.07073896382044964 149 125
dinner -0.07073902785592345 24 20
playing -0.07132698752513811 161 135
turned -0.07183418601906588 86 72
barry -0.07227627138176196 30 25
plane -0.07331628886047525 36 30
more -0.07371962386530484 1439 1205
difficult -0.07436873383164588 91 76
usually -0.07463378142880472 97 81
film's -0.0748236010170471 256 214
produced -0.07507737228756106 54 45
hands -0.07543383619767852 60 50
motion -0.07597115715238445 72 60
computer -0.07676730265883336 102 85
, -0.07742931075756188 33785 28190
clear -0.078707100358681 77 64
bizarre -0.0787071396475909 53 44
primarily -0.07870714134397261 17 14
ii -0.07870716722104198 59 49
responses -0.07870720603664516 5 4
way -0.08006123622039052 738 614
ship -0.08047859392258339 112 93
hollywood -0.08052692242186765 219 182
first -0.08076583228507062 777 646
chris -0.08081468865187702 94 78
of -0.0815246020164242 14785 12286
our -0.0817191950397973 265 220
ever -0.08178879904593561 324 269
film -0.08200816241640485 3883 3225
i've -0.08210278549501382 176 146
find -0.082222104715437 341 283
friend -0.08248792256470949 158 131
manner -0.08297151006884285 46 38
physical -0.0835970518218847 40 33
note -0.08478622022953708 98 81
certain -0.0856274805196584 86 71
clean -0.08562761599912427 28 23
tells -0.08600642161737149 109 90
high -0.08621189914161587 213 176
finally -0.08642919360285894 155 128
does -0.0867624586684137 697 576
roger -0.0874408953667416 45 37
being -0.08800287812211938 561 463
showing -0.08827664709581384 62 51
drama -0.08875748351461787 119 98
comedies -0.08875752080347432 39 32
known -0.0905416047768206 118 97
glad -0.09054160744940809 16 13
following -0.09144609708928719 78 64
gave -0.09169431920874693 61 50
task -0.0921301365259346 44 36
stunts -0.09309591701618203 27 22
upon -0.09374502617705538 133 109
introduced -0.09483653257975888 49 40
turn -0.09631085455390931 148 121
store -0.09705623613041148 54 44
symbolism -0.09705625232371418 10 8
fit -0.09705629313280184 32 26
rather -0.09705630121641917 274 224
place -0.09746941657840669 268 219
jack -0.09793853917710571 125 102
latter -0.09932644567706106 48 39
finale -0.09998459322850728 37 30
himself -0.10009462156507798 292 238
though -0.10029784921253171 411 335
austin -0.10118004236197287 26 21
lead -0.1019848439269122 112 91
weird -0.10223761903171535 42 34
with -0.10245431126968807 4746 3862
convincing -0.1027220101299342 58 47
which -0.10352311578555451 1378 1120
group -0.10402496284206997 159 129
fellow -0.10402496488602431 47 38
sticks -0.10402496744096723 15 12
destroy -0.10610611385240887 36 29
call -0.10645706886215223 94 76
named -0.1069503156275946 157 127
boy -0.1072805315582741 141 114
depp -0.10769465537147838 20 16
almost -0.10930764408572458 364 294
turns -0.10969068827778194 176 142
disappointed -0.10995973756715571 25 20
its -0.1101021626629155 1002 809
see -0.11026540511773497 778 628
dog -0.11079545346231612 113 91
itself -0.11127592943675246 180 145
minds -0.11149698763830074 30 24
battle -0.11227401711389362 102 82
dangerous -0.11260869533817974 35 28
still -0.11305660083146218 461 371
actions -0.11345007609633306 40 32
discovers -0.11463911425192208 50 40
other -0.11512702622820825 849 682
outside -0.11543917242571844 60 48
l -0.11574838949572275 65 52
seeing -0.11624508209948203 151 121
bus -0.1195291424425502 34 27
chances -0.11952916510315958 14 11
trends -0.11952918138037738 4 3
feels -0.11952919682801344 99 79
bag -0.11952919682801522 24 19
is -0.12164258680104112 11130 8885
surprise -0.1221922521858616 93 74
romance -0.12269864157855181 78 62
nearly -0.12329557779930411 132 105
entire -0.12377540014817079 176 140
perhaps -0.12439535393636802 205 163
fun -0.12444316980172765 254 202
moments -0.1246442045264402 195 155
help -0.12475105672022657 239 190
direction -0.12501856626198204 136 108
use -0.1253941913503347 170 135
kid -0.12557140901541608 82 65
during -0.12562407316983482 287 228
appealing -0.12690925428842625 33 26
set -0.1270682053847061 232 184
and -0.1275291370975471 15718 12474
wife -0.12765925524999666 246 195
dealing -0.12818723407211863 28 22
meet -0.1294795046433137 100 79
beginning -0.12957945715311148 124 98
model -0.13000050573240074 23 18
campbell -0.13122509827304363 42 33
devoted -0.1327744182204409 18 14
release -0.13277443166789027 94 74
home -0.13434422140571645 254 200
making -0.13464279013745983 249 196
control -0.13479662398903614 65 51
took -0.13633624847695813 74 58
knows -0.1368539342815165 130 102
paint -0.1375476835734144 13 10
by -0.1377425941141759 2797 2197
sam -0.13869901597555945 78 61
win -0.13933177850017842 50 39
less -0.1393317785001802 203 159
began -0.140007667846616 36 28
films -0.14077083425150683 677 530
jurassic -0.14150801047294514 22 17
credit -0.14150808518099467 68 53
success -0.14205826259369836 100 78
secret -0.1422205081159298 77 60
right -0.14245277068515172 352 275
cannot -0.143245683697506 63 49
however -0.1438722646818409 446 348
sympathetic -0.14422173667323612 40 31
green -0.14484695567739436 49 38
violent -0.14528162820292856 58 45
order -0.1466100900272096 130 101
cinema -0.14769999832744674 80 62
stole -0.14770001763358565 8 6
u -0.14770003115083874 62 48
combination -0.14770006236292055 26 20
role -0.14806547140657234 390 303
crime -0.14938210971797616 84 65
usual -0.14958150348800814 75 58
him -0.14975323286531061 1183 918
officer -0.15061974537281664 48 37
done -0.15112347173433438 208 161
viewers -0.15127788172834222 79 61
amount -0.15231898552041834 61 47
makes -0.15288479411221623 441 341
stands -0.15310539342427454 52 40
score -0.15360847001226396 96 74
live -0.15379752942216385 140 108
qualities -0.15421466616366253 21 16
occasionally -0.1552472200195485 56 43
drugs -0.15589678928156836 34 26
plenty -0.15711187057801546 60 46
witnessed -0.15874990653924748 12 9
game -0.15937507609064383 159 122
keeps -0.1602001815439138 68 52
member -0.16053715702066462 55 42
times -0.16072032411272463 253 194
direct -0.16208878317615394 29 22
new -0.16316096979163675 567 434
music -0.16354606768607827 208 159
company -0.16370037272445437 80 61
regarding -0.16464958514466055 16 12
return -0.1655141951363781 88 67
kids -0.165718487771219 143 109
man -0.16587995442387804 562 429
believable -0.16604915884574112 54 41
smart -0.16667597221464803 75 57
death -0.16683933931701045 210 160
surreal -0.1683193402228298 20 15
- -0.1686212960264033 620 472
easy -0.17027432633801176 95 72
destroyed -0.1708224965237708 24 18
everyone -0.17108046705451407 203 154
children -0.17161413698275396 132 100
behind -0.17179756708675598 161 122
animal -0.172639000629351 28 21
year -0.17313854368532589 272 206
bit -0.17337235358908387 247 187
cross -0.17401734024557491 32 24
floor -0.1750989901420219 36 27
tom -0.17597043002170665 122 92
toward -0.17668747003731333 44 33
black -0.17681598335084825 228 172
exception -0.1772879408075898 48 36
past -0.17763679565974755 154 116
ready -0.17779805767253087 52 39
constantly -0.17895257137680076 64 48
learn -0.1799608615954309 80 60
until -0.18089809337832818 209 157
as -0.1818829667659907 5181 3894
cartoonish -0.18406762083860428 11 8
six -0.18406764701900435 59 44
engaging -0.1840676644726038 35 26
previous -0.184067666173787 83 62
posed -0.1840676815796236 3 2
killers -0.18406770357436208 27 20
scientists -0.18406770672027584 19 14
star -0.1851831460155111 298 223
feel -0.1856192746070091 214 160
result -0.187075222368966 110 82
mind -0.18758267270850126 189 141
filled -0.1887735512478219 70 52
he -0.18877899447080715 3474 2593
language -0.18973339476016093 58 43
without -0.1902215199268973 325 242
experience -0.19037681562291553 105 78
leave -0.190625078195934 101 75
directors -0.1911851006200429 46 34
strange -0.1915025859286832 89 66
well -0.19156163579928798 758 564
between -0.19265138936687798 428 318
limited -0.192651398231094 38 28
various -0.19311746027965526 73 54
winning -0.19363712013780265 34 25
aspect -0.19422000804406103 65 48
whose -0.1942201081302244 197 146
ted -0.1948786035934127 30 22
means -0.19590209624583643 84 62
flaw -0.1964902313350123 26 19
story -0.1974080448351323 980 725
train -0.19749069195854396 49 36
brought -0.1978610164019745 72 53
grown -0.1986664243128935 22 16
successful -0.19933513247670653 87 64
depth -0.19957190146043224 64 47
scream -0.2005969844251947 121 89
opens -0.20087479198784308 79 58
combined -0.20176729451005393 18 13
while -0.20257349808170755 708 521
themselves -0.20512104964828914 127 93
near -0.2053903949617002 78 57
pop -0.2065404943117617 44 32
prominent -0.2065405497333863 14 10
version -0.20851874072736365 137 100
trio -0.21004320623500305 25 18
arrives -0.21146663698104007 36 26
years -0.21165557211226016 391 285
camp -0.21223855543722436 47 34
white -0.21383980614445797 124 90
center -0.21483933812769251 32 23
trail -0.21483935101501395 10 7
takes -0.2152506549524853 303 220
together -0.21586023853317649 244 177
uses -0.21632852944177117 83 60
son -0.21655311276489364 145 105
blood -0.21759040371017058 90 65
genre -0.21796922342562652 119 86
angry -0.21796926071448297 39 28
leading -0.21915902063029868 57 41
accident -0.22017257986137118 46 33
asks -0.22180799018439146 53 38
suspicious -0.2218079953288381 17 12
technical -0.2235984834723599 42 30
picture -0.2244640368684756 260 187
brutal -0.22488961162997434 24 17
run -0.22603183787126113 145 104
local -0.22662726449098436 95 68
anthony -0.22662729965261796 31 22
audiences -0.2277427205264999 77 55
particularly -0.22774274453980148 116 83
sense -0.2289893215556198 257 184
footage -0.22909135736828645 52 37
carter -0.23015873334396098 73 52
his -0.23281332493945772 4497 3212
troopers -0.23285779507764026 48 34
drawn -0.23285783639434143 34 24
downright -0.23285786556272825 20 14
spectacle -0.23285787254645385 13 9
person -0.2368928101664185 148 105
ones -0.23768868019978484 82 58
added -0.2381349413490721 37 26
agrees -0.23933037015064507 30 21
will -0.23990700231384565 1024 726
supporting -0.24076300420174945 126 89
sympathy -0.24122603467855264 23 16
short -0.2416554722771025 136 96
create -0.24469229563477768 84 59
assigned -0.24469229928331693 16 11
industry -0.2465880513629788 43 30
english -0.24704250199767408 70 49
present -0.24778346025471798 80 56
simon -0.2477835310307679 53 37
entertainment -0.24836206428707364 90 63
among -0.25055740899258794 113 79
otherwise -0.2509306159419964 66 46
message -0.2512069923308964 76 53
may -0.25306045292969515 409 286
stops -0.253060569734334 29 20
cleaning -0.2530605830098889 9 6
fear -0.25533074586469695 62 43
theaters -0.2563883084642935 42 29
above -0.256827037711993 75 52
david -0.2589256348265554 170 118
honor -0.2592911091642449 22 15
mysterious -0.26035091948494404 58 40
beach -0.2610287115853769 35 24
eyes -0.26248960208336314 136 94
potent -0.2641103213412066 12 8
narrative -0.2641103673655181 38 26
list -0.26574566735198246 67 46
leader -0.26613262751358846 54 37
willing -0.2667594195569354 41 28
entertaining -0.2679491385714705 144 99
spot -0.26794918960239045 28 19
hits -0.2690608552366296 44 30
detective -0.26958990714052433 60 41
love -0.26963713702405556 503 346
attention -0.2710790107071137 111 76
prison -0.27107905314752223 79 54
standing -0.27107906620985034 31 21
food -0.2728631279007576 50 34
characterization -0.27367983427645903 34 23
power -0.27587522565644385 94 64
hood -0.2758752722053064 18 12
final -0.2771580495989312 179 122
married -0.2777531383027476 81 55
achievement -0.2793778763549124 21 14
several -0.2797095889300678 200 136
begins -0.2826982173389112 180 122
genuine -0.28315847247449 52 35
able -0.28383217048882337 164 111
violence -0.28415111379564095 139 94
boxing -0.2841511722422094 27 18
built -0.28585039015159275 30 20
become -0.28778009713373987 246 166
including -0.2894282298489088 159 107
friends -0.290677405327628 177 119
russell -0.29103980951220976 45 30
ending -0.2915413057932934 192 129
king -0.2916982985934169 97 65
surprised -0.2928008229483616 54 36
seven -0.29368741186435976 60 40
doubt -0.2959855581731077 84 56
art -0.2965455906636798 93 62
robert -0.29782655805295555 123 82
loved -0.3018506071420859 50 33
enjoy -0.30185064613697143 107 71
filmed -0.3018506802285632 44 29
satire -0.30185069822175237 38 25
child -0.3018507086883435 113 75
pleasure -0.3018507094674945 35 23
wayne's -0.30185071952990405 5 3
marry -0.30185072275791924 32 21
program -0.30185073870642576 29 19
scared -0.3018507418523413 20 13
side -0.30502018556541266 157 104
each -0.306324977343464 335 222
dramatic -0.3076815710026235 85 56
subject -0.3083653710141139 76 50
sets -0.3103613425825795 117 77
fresh -0.3113294070731101 52 34
easily -0.3119010497443693 99 65
charles -0.31327943034911954 43 28
small -0.3148886864061513 192 126
cult -0.31509598846184517 37 24
martin -0.3156440613968634 72 47
extreme -0.3162394523494534 34 22
ben -0.31666572303345575 101 66
sea -0.317599086210798 31 20
young -0.3190925306885841 350 229
light -0.31924236708918663 86 56
central -0.319242489298146 57 37
despite -0.31986921198997464 167 109
touch -0.320199742619792 54 35
most -0.32052580376225404 1107 724
losing -0.32126873518115495 25 16
job -0.32258659651019617 267 174
finds -0.3230315244327038 166 108
using -0.3231281445427161 94 61
hearing -0.32382963450414337 22 14
design -0.32538118475390654 42 27
deal -0.32571811612687007 105 68
proves -0.3271684975558049 59 38
fine -0.3271685016792638 139 90
segment -0.32716856070514133 19 12
blue -0.3285189041231167 56 36
men -0.33135131593614453 257 166
clever -0.3317036420620241 84 54
struggles -0.33170368391354366 16 10
yet -0.3320215736512644 285 184
novel -0.33310330609160665 129 83
filmmaking -0.3335994198778689 47 30
eat -0.3346405591236845 30 19
alien -0.33489058502714286 199 128
innocent -0.33575223422277034 44 28
punishment -0.33821828734841297 13 8
feature -0.33923821455431735 108 69
emotional -0.34107141447829115 116 74
seen -0.3412531661234208 439 281
theme -0.34169659093463345 63 40
also -0.34169663495412994 959 614
mother -0.34234204349273334 188 120
unable -0.3426727103212741 24 15
common -0.34369783496199524 60 38
hopes -0.34441032754048884 35 22
prove -0.34533579005262105 46 29
shows -0.34766024025607045 200 127
learns -0.3483706772184121 54 34
truth -0.3483707072421538 76 48
aware -0.3483707427588669 32 20
throne -0.34837075264452544 10 6
husband -0.34970668899867796 106 67
faces -0.3511217594556033 51 32
eventually -0.35314403840218134 119 75
inside -0.35381041120889734 78 49
events -0.3542186595182848 97 61
town -0.3554601894289764 181 114
individual -0.35591798634396277 37 23
many -0.35687933550342965 606 382
stephen -0.3577311884983505 45 28
recall -0.3590090599769198 26 16
choice -0.35995831797306366 61 38
important -0.3602226717580663 96 60
desire -0.36069121890668576 34 21
against -0.3621428753201883 187 117
parents -0.3624752919934373 101 63
form -0.3627593862721721 109 68
apartment -0.3630050788637291 58 36
minor -0.36340865250450527 66 41
impressive -0.3645218048900478 106 66
setting -0.36638919138333925 71 44
tight -0.3663892448698025 23 14
wells -0.3663892551828898 7 4
wedding -0.3687449151263298 84 52
fantasy -0.3701699105888867 52 32
comic -0.3706536170012633 187 116
breaks -0.3718093000489251 36 22
puts -0.37246824748270235 65 40
keaton -0.37330960440434957 28 17
truly -0.3737151972259376 136 84
told -0.37382417586828964 107 66
rating -0.3748758845100184 70 43
interviews -0.37595871954759374 20 12
very -0.3782236835517745 917 566
critics -0.37822370391449134 67 41
human -0.3794089406040353 200 123
british -0.3801825433127082 72 44
lives -0.38106595386666164 150 92
venture -0.38189342003250637 12 7
general -0.38340049674406806 82 50
knowing -0.3859338588194401 30 18
performance -0.3884489106410962 439 268
sentimental -0.3888620940977212 17 10
happy -0.3906818995402137 99 60
support -0.39108183225453885 40 24
especially -0.3921732723511102 219 133
wishes -0.3928225107937564 22 13
exciting -0.3937881638917755 73 44
whether -0.39482715531172197 106 64
tiny -0.3953767011883613 27 16
heart -0.39634157124314484 121 73
decade -0.3971609117309587 32 19
position -0.3984776044169571 37 22
considered -0.40029079886400964 47 28
forces -0.40094157116578977 52 31
best -0.40671238736233484 667 400
abandon -0.4072111535083849 14 8
date -0.4072111807341887 54 32
enjoyable -0.40721119744662815 84 50
relationships -0.4072112033571944 44 26
ride -0.40721123391307756 64 38
brings -0.4072112356611708 99 59
surprises -0.40721123890763344 34 20
versa -0.4072112748437977 4 2
although -0.41388343954990425 400 238
criminal -0.4143286663422341 46 27
country -0.4151794358041325 83 49
relatively -0.41626106660615747 36 21
dreams -0.4169200395308934 68 40
claims -0.41768255487864536 31 18
viewer -0.41826111275560507 90 53
slave -0.4196337448282712 26 15
soundtrack -0.41963376583990986 80 47
silent -0.42091003850442554 48 28
bay -0.4224787303397779 21 12
soldiers -0.4244530304334031 38 22
law -0.42564491947434036 72 42
surprisingly -0.42701381733333577 101 59
portions -0.4270138728865831 16 9
gives -0.42741393599735034 249 146
field -0.42919015763277457 45 26
always -0.42984474013417273 282 165
jake -0.4304680182442979 28 16
generally -0.4326902715137546 52 30
led -0.43538208810700496 59 34
draws -0.43538212115941555 11 6
offer -0.4379828413110918 54 31
justice -0.44000097392564363 30 17
works -0.4409221925664628 180 104
jackson -0.4411127896553797 49 28
ali -0.4429293709741895 18 10
simple -0.4435788119279831 139 80
cold -0.44402516305573947 82 47
modern -0.4454934092348015 70 40
own -0.445787999653227 413 238
shop -0.4464319453724048 25 14
carry -0.44845421142671427 65 37
= -0.44977079716076496 119 68
soul -0.45069631318125225 46 26
amazing -0.4510630974706782 100 57
quite -0.4521743638136648 325 186
singer -0.4560013496396955 62 35
starship -0.45600136079983145 48 27
seasoned -0.45600138603971274 6 3
visuals -0.4560014336862501 41 23
typical -0.4594796188225043 71 40
highly -0.45985497019422716 64 36
states -0.4603210425187463 57 32
born -0.4609153713275429 50 28
often -0.46278103395190584 184 104
approach -0.46278108660710515 73 41
china -0.46436956734833323 29 16
greatly -0.46693048848900887 22 12
george -0.4689047664282491 116 65
babe -0.4689047969906355 38 21
surprising -0.4697315416590566 54 30
follows -0.470473342590747 86 48
arguably -0.4717496699848489 15 8
cinematography -0.47327297075187325 72 40
award -0.4744634482096508 40 22
flesh -0.4762041119507856 24 13
classic -0.47620413596408717 149 83
meeting -0.4795318765878154 42 23
stories -0.4799705890262018 94 52
contact -0.48033349936661196 51 28
father -0.48327581638395056 222 123
holiday -0.48417227016816966 26 14
reviewer -0.48417228307076066 8 4
directing -0.4841722842383156 62 34
tony -0.48843664403748654 46 25
loving -0.4894493909751372 37 20
atmosphere -0.4901603166071258 66 36
rich -0.4904418643613546 95 52
pace -0.49109270309564934 57 31
slightly -0.4918942704378857 77 42
finn -0.49422265947402444 19 10
answers -0.497159387765592 30 16
presents -0.4985610517592445 41 22
chemistry -0.499920604583469 63 34
melvin -0.5025213265329178 32 17
disturbing -0.5025213666509902 54 29
yard -0.5025214444784343 10 5
age -0.5043749182684536 89 48
future -0.5051915409868268 124 67
teacher -0.5054496228338117 56 30
created -0.5061512047455476 91 49
streets -0.5072947075754808 34 18
floating -0.509490098854668 23 12
captured -0.5115712555791969 36 19
inspired -0.5125717587898038 49 26
technology -0.5154248169915832 38 20
begun -0.5154248216620179 12 6
both -0.5184368366852876 474 254
definitely -0.5184368713465002 94 50
lets -0.5189152147668832 40 21
sister -0.5195741989096785 68 36
progresses -0.5205399113796112 27 14
extremely -0.524054842041549 132 70
covering -0.5249942521996847 14 7
gibson -0.5276573602940253 46 24
loose -0.5289080838247973 31 16
musical -0.5296346239173868 80 42
voice -0.5298135335180376 129 68
bull -0.5323742876885422 16 8
performances -0.5323744194466604 220 116
whom -0.5344729727953013 105 55
inevitable -0.5354655827665162 35 18
younger -0.5364229206451974 54 28
woody -0.5368890144285761 73 38
knight -0.5382395599472289 18 9
different -0.5386743991183716 229 120
similar -0.5412141629680232 100 52
lies -0.541523589605875 60 31
thanks -0.5430127877540922 62 32
soft -0.5430128183164769 20 10
others -0.5442176494628548 150 78
caught -0.5444123037056059 64 33
force -0.5450810625514286 87 45
shares -0.5469732026276652 22 11
spirit -0.5487108151112068 47 24
carried -0.5503120896460381 24 12
carries -0.5531651464577827 26 13
commentary -0.5556312284355478 28 14
tarzan -0.5567429525476495 59 30
childhood -0.5596797403728662 32 16
source -0.5613618226816843 34 17
sees -0.5621337782012894 71 36
cusack -0.5628645552749525 36 18
intense -0.5654352347678309 40 20
world -0.5666309526884827 517 264
fate -0.5684793581761429 46 23
arts -0.5701146713182013 50 25
american -0.5723797067430008 288 146
enjoyed -0.5732722899538398 60 30
queen -0.5737844483309953 62 31
song -0.5762876046319345 74 37
great -0.5828661019541936 597 300
bud -0.5895326978727198 17 8
judge -0.5895327015284906 33 16
intelligent -0.5895327225501088 97 48
stanton -0.5895327686761487 7 3
dance -0.5895327775395831 59 29
depiction -0.5895327876692242 13 6
danny -0.5895327932968009 53 26
fears -0.5895327993572703 25 12
oblivious -0.5895328129933244 11 5
reveal -0.5895328207006596 45 22
loyal -0.589532829108661 21 10
vincent -0.5895328383174245 41 20
keitel -0.5895328484470639 9 4
treat -0.5895328596429845 37 18
unlike -0.6005826396663387 90 44
solid -0.6010935307518555 86 42
family -0.6012976024012868 341 168
life -0.6023698646304556 783 386
clearly -0.6029558000667077 74 36
famous -0.6041315324210572 68 33
science -0.6063398628071504 119 58
today -0.6072323241153583 56 27
adventure -0.6085809504905537 52 25
edge -0.6101520526337403 48 23
humanity -0.6110389762491373 46 22
visit -0.616931670381156 36 17
concerned -0.6185202365216327 34 16
sidney -0.6203044252242176 32 15
focuses -0.6246241047251608 28 13
river -0.6272731241530352 26 12
throughout -0.6287534869300728 155 74
pure -0.6287535156138091 51 24
aliens -0.6296987986013711 126 60
bet -0.6303548037846944 24 11
buy -0.6320924310663187 47 22
la -0.6327049021249653 70 33
dark -0.632883193876383 164 78
troubled -0.633984587257892 22 10
mel -0.6360528491096087 43 20
change -0.6373888010017783 106 50
essence -0.6383230072895163 20 9
handles -0.6435999747491881 18 8
beautiful -0.6470566833021643 160 75
startling -0.650157386379842 16 7
true -0.6513101071441687 216 101
1997 -0.6527116707067346 48 22
mouse -0.6540712940160471 31 14
greatest -0.6566720257310106 76 35
calm -0.6585256538291961 14 6
bond -0.6618534501910815 85 39
graham -0.6636407653644767 27 12
believes -0.6655187034356782 40 18
academy -0.6664938404095739 53 24
details -0.6670910353178208 66 30
thankfully -0.669575400765634 38 17
conditions -0.6695755134959267 12 5
presented -0.6750549912353865 60 27
event -0.6765441359871165 71 32
fonda -0.6765441976235511 23 10
america -0.6784802162536199 93 42
weeks -0.6791449213729841 34 15
witty -0.6848429368923945 54 24
england -0.684842950564116 32 14
depicts -0.6848430180817004 10 4
united -0.6886236646292101 52 23
honest -0.6896163069852719 41 18
complex -0.6903374879164854 72 32
lonely -0.6913154742464549 30 13
journey -0.692717003529852 50 22
writes -0.694893263249023 19 8
normal -0.6948933006682143 59 26
history -0.6967782420579098 117 52
process -0.697163437263967 48 21
greater -0.7007583885891364 37 16
nuclear -0.7020107628073173 46 20
president -0.7034770678910629 64 28
likewise -0.7073157965640195 8 3
won -0.7073158219553513 44 19
contemporary -0.7073158382916915 26 11
brown -0.7114226380744046 60 26
dvd -0.7131467498868371 42 18
chan -0.7138304395709589 76 33
tradition -0.7146959117197405 33 14
eager -0.7173661884149212 24 10
strong -0.7180110731688529 140 61
mike -0.7187445045583232 65 28
army -0.7195858185418817 81 35
futuristic -0.7230641703056602 15 6
driver -0.7230642176244988 47 20
animated -0.7261082675311528 93 40
remain -0.7267338146055824 38 16
nights -0.7276831210854731 61 26
remains -0.7292947426123071 68 29
paced -0.7292947762309314 22 9
luckily -0.7326336315244486 29 12
disney -0.7332394811495746 126 54
nevertheless -0.7347147690724558 36 15
hall -0.736136317777456 43 18
unique -0.7385683901864688 64 27
private -0.7401056672318482 92 39
twister -0.7436834220914754 20 8
class -0.7436834638454073 76 32
handicapped -0.7436834795031331 6 2
beauty -0.7481378184294378 74 31
fascinating -0.7498754563646859 53 22
spectacular -0.7508009317794091 46 19
sometimes -0.7528578488413533 145 61
personal -0.7531621465450549 105 44
equal -0.7565868981261534 25 10
displays -0.7613830734404878 18 7
reality -0.7634861175382799 118 49
themes -0.7682245528475065 54 22
marriage -0.7718543477809874 59 24
outsider -0.7718543865965906 11 4
colorful -0.7787747965590697 28 11
trek -0.7795763715734036 103 42
nearby -0.7836887880093535 16 6
frightening -0.783688790088032 50 20
issues -0.7862430975761274 55 22
perspective -0.7873584994569338 38 15
struggle -0.7902034328836596 43 17
fortunately -0.7943272229219183 26 10
oscar -0.7958691906898796 117 47
tale -0.7965469767420768 122 49
initially -0.7971721480009126 31 12
steals -0.7992532944123543 36 14
loves -0.8031069181271011 51 20
refuses -0.8126763230024956 34 13
delivers -0.8126763437693363 74 29
debt -0.812676345663105 14 5
jamey -0.8126763619403228 4 1
thrilling -0.8126763773879606 24 9
share -0.820644543912298 62 24
images -0.8259215987803863 75 29
unusual -0.8279438045489815 32 12
viewed -0.8306948641333598 27 10
edwards -0.8346551910328905 22 8
method -0.840847198193531 17 6
emotions -0.840847242922866 53 20
experiences -0.8454661660803637 30 11
perfect -0.845884985417662 198 76
sky -0.8518970247968323 38 14
overall -0.8518970807543393 90 34
suicidal -0.8518970870991929 12 4
horizon -0.857796765704606 33 12
touching -0.8591963394056865 54 20
destined -0.8614665207827752 20 7
henry -0.8614665417944156 62 23
raised -0.8657861811892964 28 10
pain -0.8709452382324763 52 19
flaws -0.8723955965971726 68 25
mitchell -0.8772148013985497 23 8
natural -0.877214862139569 63 23
nicholson -0.8772148872802212 39 14
powerful -0.8837722587558794 101 37
friendship -0.886784300697748 34 12
speech -0.8896374118949577 53 19
boogie -0.8918136048728389 45 16
mood -0.8949144205804416 56 20
wings -0.8949144750699993 18 6
terrorist -0.8996877302933317 29 10
rose -0.9079865083777783 54 19
robbie -0.9079865315749593 21 7
war -0.9175104075358194 210 75
afterwards -0.9180367921899197 24 8
masterpiece -0.9222385379282318 52 18
well-written -0.9260050531063992 13 4
vision -0.9304593354486101 44 15
risk -0.9324775507105905 30 10
wonderful -0.9339101847616949 126 44
victor -0.9378394798432623 16 5
fiction -0.9401896825576195 141 49
matrix -0.9409307115907133 53 18
8 -0.9423541483972198 36 12
argument -0.9462077635698343 19 6
federation -0.9524382897241903 22 7
brilliant -0.9524383275451402 114 39
effective -0.9534981000448894 117 40
howard -0.957257501901152 25 8
frank -0.961096285110802 86 29
movement -0.9610963701623358 28 9
miles -0.9642262467697957 31 10
politics -0.9668270148364044 34 11
study -0.970900318862693 40 13
artist -0.9763056530344354 52 17
craven -0.9949978266969168 26 8
hilarious -0.9949978529212178 116 38
color -0.9949978892482889 56 18
longtime -0.9949978900274399 8 2
comprehension -0.9949979000898495 5 1
extraordinary -0.9949979192663712 29 9
fable -0.9949979224122867 20 6
realistic -1.0087912419568088 72 23
sweet -1.0144159157411003 103 33
disney's -1.0156171397302654 48 15
culture -1.02778773968363 61 19
likeable -1.0313654679083584 27 8
larry -1.0334640668743837 52 16
gradually -1.0358198908812195 24 7
tunes -1.0415179332044708 21 6
joy -1.0450082965579455 40 12
zane -1.0490651669039082 18 5
wars -1.0528174621771864 88 27
owned -1.0595364357428352 15 4
court -1.0639907370781216 44 13
chicken -1.0750405929203541 38 11
maintaining -1.0750406005924518 12 3
raw -1.0859696913537018 22 6
rare -1.0885238817483067 55 16
endearing -1.090308092290904 32 9
bug's -1.1003583340683303 29 8
shalhoub -1.100358455403743 9 2
dillon -1.1127809253882166 26 7
period -1.1145430850709115 70 20
allows -1.1168876714745206 60 17
interpretation -1.1201610534465285 16 4
spielberg -1.1263339553193994 64 18
philosophy -1.128529301719361 23 6
innocence -1.133148154485589 30 8
harris -1.136076551534135 37 10
encourages -1.1491485665996581 6 1
toys -1.1491485884396706 34 9
mcgregor -1.1491486142461955 20 5
perfectly -1.1580374935103883 112 31
german -1.1620519775505809 38 10
decades -1.1648968505447943 31 8
cameron's -1.169351292510731 24 6
memorable -1.170888560049871 92 25
shakespeare -1.1726790571477608 42 11
fuller -1.177319463630706 17 4
subtle -1.1797319616886792 82 22
7 -1.1842398836555947 28 7
terrific -1.1873698400339698 79 21
master -1.1917082323191899 83 22
hawthorne -1.1956686250383797 10 2
excellent -1.2159885840035596 115 30
spacey -1.21814143275963 29 7
morals -1.2313867405071743 18 4
kidman -1.2401203831876106 22 5
sixth -1.246312327017728 26 6
jackie -1.2487783351501687 173 44
ordinary -1.2509312531768888 30 7
contrast -1.2596904417779875 42 10
ghost -1.2632618518781467 50 12
behaviour -1.282679949236094 7 1
stuart -1.2826799682291696 55 13
venice -1.2826799935532698 11 2
satisfying -1.2826800096686064 43 10
troubles -1.2826800290070093 19 4
pulp -1.296473230362034 72 17
italian -1.3100788509411014 36 8
prisoners -1.3177712852851062 28 6
tarantino -1.3235019843446398 49 11
superb -1.3314701542308391 62 14
maguire -1.3314701878494617 20 4
animation -1.335602374635485 96 22
niro -1.3367471553091335 37 8
political -1.343304566016803 101 23
riveting -1.3433045669397874 16 3
tucker -1.3516728343891415 29 6
polley -1.362722694055872 12 2
refreshing -1.3722921019329295 34 7
empire -1.3779901986416458 21 4
breathtaking -1.3844626548064003 30 6
nomination -1.3880404438089684 39 8
fantastic -1.3903106178239124 48 10
rocky -1.3918792629803587 57 12
thematically -1.400462977123965 8 1
cameron -1.4115129119137055 90 19
everyday -1.4224419567908768 22 4
low-key -1.4368306600630785 13 2
fits -1.4469830074136745 32 6
feel-good -1.4545302540004332 18 3
toy -1.4650015024638634 71 14
legal -1.465001567156536 23 4
controversial -1.471921977119015 28 5
antz -1.4768359685692989 33 6
fairy -1.4805056800168792 38 7
testament -1.5058235262230504 14 2
moulin -1.5058235425002682 9 1
spielberg's -1.505823557947906 24 4
emperor -1.5450442676591383 25 4
egypt -1.5546137013427206 20 3
lucas -1.5640924187924217 52 9
titanic -1.570361981958495 95 17
anger -1.5703620426995144 31 5
captures -1.582784592454903 26 4
deft -1.6011337121349047 10 1
sings -1.6309866604032077 16 2
castle -1.6542435507222812 28 4
derek -1.6599741953963498 34 5
ripley -1.6694528335943808 52 8
mesmerizing -1.6881450705873853 17 2
participants -1.6881450806497948 5 0
october -1.7155440430958215 36 5
wonderfully -1.7209349202435753 61 9
hereafter -1.728967071441165 24 3
dazzling -1.7422123474638536 18 2
era -1.748769653113328 50 7
jesus -1.7526836163027806 31 4
seamless -1.7681877811523972 12 1
tarantino's -1.7935056359636885 19 2
scorsese -1.813308234006474 33 4
bethany -1.8422957471596035 6 0
edition -1.842295794806141 20 2
finest -1.8704666441906515 35 4
chad -1.888815805598325 21 2
naval -1.9112886133195754 14 1
boiler -1.933267563747556 22 2
flawless -1.9440784337368342 30 3
lovett -1.9758271297960395 7 0
altman -2.0166491649045852 24 2
truman -2.0202789483777828 91 10
animators -2.036451747499733 16 1
bianca -2.0936101576839103 8 0
benigni -2.1476774345603786 18 1
jedi -2.1787679873568973 48 4
amistad -2.1989707067829958 29 2
jewison -2.1989707230602136 9 0
masterfully -2.29428089269485 10 0
bulworth -2.324133840963153 33 2
fellini -2.3812922612097402 11 0
margaret -2.4221142520011103 24 1
frequency -2.4613349617123426 25 1
outstanding -2.480383112845626 52 3
thematic -2.535442927719549 13 0
cauldron -2.5354429753660863 41 2
jude -2.5705342447754855 28 1
soviet -2.604435793879521 14 0
damon -2.620965131285711 60 3
cal -2.668974310355985 15 0
camille -2.729598928059678 16 0
carver -2.7867573382438557 17 0
farquaad -2.840824615120324 18 0
giles -2.892117903620159 19 0
lebowski -2.9168104589130177 40 1
truman's -2.9409080624626114 20 0
rounders -2.9874280732547955 21 0
donkey -3.0318798314040265 22 0
mallory -3.1152614325610557 24 0
homer -3.154482142272288 25 0
taran -3.192222467068053 26 0
sweetback -3.2285901082794943 27 0
leila -3.2975829744394662 29 0
guido -3.330372794856725 30 0
flynt -3.346373170570777 62 1
gattaca -3.5073034913122374 36 0
mulan -3.5599472216967154 77 1
shrek -3.9907301549994116 59 0
