shrek 3.9907301549994116 59 0
mulan 3.5599472216967154 77 1
gattaca 3.5073034913122374 36 0
flynt 3.346373170570777 62 1
guido 3.330372794856725 30 0
leila 3.2975829744394662 29 0
sweetback 3.2285901082794943 27 0
taran 3.192222467068053 26 0
homer 3.154482142272288 25 0
mallory 3.1152614325610557 24 0
donkey 3.0318798314040265 22 0
rounders 2.9874280732547955 21 0
truman's 2.9409080624626114 20 0
lebowski 2.9168104589130177 40 1
giles 2.892117903620159 19 0
farquaad 2.840824615120324 18 0
carver 2.7867573382438557 17 0
camille 2.729598928059678 16 0
cal 2.668974310355985 15 0
damon 2.620965131285711 60 3
soviet 2.604435793879521 14 0
jude 2.5705342447754855 28 1
cauldron 2.5354429753660863 41 2
thematic 2.535442927719549 13 0
outstanding 2.480383112845626 52 3
frequency 2.4613349617123426 25 1
margaret 2.4221142520011103 24 1
fellini 2.3812922612097402 11 0
bulworth 2.324133840963153 33 2
masterfully 2.29428089269485 10 0
jewison 2.1989707230602136 9 0
amistad 2.1989707067829958 29 2
jedi 2.1787679873568973 48 4
benigni 2.1476774345603786 18 1
bianca 2.0936101576839103 8 0
animators 2.036451747499733 16 1
truman 2.0202789483777828 91 10
altman 2.0166491649045852 24 2
lovett 1.9758271297960395 7 0
flawless 1.9440784337368342 30 3
boiler 1.933267563747556 22 2
naval 1.9112886133195754 14 1
chad 1.888815805598325 21 2
finest 1.8704666441906515 35 4
edition 1.842295794806141 20 2
bethany 1.8422957471596035 6 0
scorsese 1.813308234006474 33 4
tarantino's 1.7935056359636885 19 2
seamless 1.7681877811523972 12 1
jesus 1.7526836163027806 31 4
era 1.748769653113328 50 7
dazzling 1.7422123474638536 18 2
hereafter 1.728967071441165 24 3
wonderfully 1.7209349202435753 61 9
october 1.7155440430958215 36 5
participants 1.6881450806497948 5 0
mesmerizing 1.6881450705873853 17 2
ripley 1.6694528335943808 52 8
derek 1.6599741953963498 34 5
castle 1.6542435507222812 28 4
sings 1.6309866604032077 16 2
deft 1.6011337121349047 10 1
captures 1.582784592454903 26 4
anger 1.5703620426995144 31 5
titanic 1.570361981958495 95 17
lucas 1.5640924187924217 52 9
egypt 1.5546137013427206 20 3
emperor 1.5450442676591383 25 4
spielberg's 1.505823557947906 24 4
moulin 1.5058235425002682 9 1
testament 1.5058235262230504 14 2
fairy 1.4805056800168792 38 7
antz 1.4768359685692989 33 6
controversial 1.471921977119015 28 5
legal 1.465001567156536 23 4
toy 1.4650015024638634 71 14
feel-good 1.4545302540004332 18 3
fits 1.4469830074136745 32 6
low-key 1.4368306600630785 13 2
everyday 1.4224419567908768 22 4
cameron 1.4115129119137055 90 19
thematically 1.400462977123965 8 1
rocky 1.3918792629803587 57 12
fantastic 1.3903106178239124 48 10
nomination 1.3880404438089684 39 8
breathtaking 1.3844626548064003 30 6
empire 1.3779901986416458 21 4
refreshing 1.3722921019329295 34 7
polley 1.362722694055872 12 2
tucker 1.3516728343891415 29 6
riveting 1.3433045669397874 16 3
political 1.343304566016803 101 23
niro 1.3367471553091335 37 8
animation 1.335602374635485 96 22
maguire 1.3314701878494617 20 4
superb 1.3314701542308391 62 14
tarantino 1.3235019843446398 49 11
prisoners 1.3177712852851062 28 6
italian 1.3100788509411014 36 8
pulp 1.296473230362034 72 17
troubles 1.2826800290070093 19 4
satisfying 1.2826800096686064 43 10
venice 1.2826799935532698 11 2
stuart 1.2826799682291696 55 13
behaviour 1.282679949236094 7 1
ghost 1.2632618518781467 50 12
contrast 1.2596904417779875 42 10
ordinary 1.2509312531768888 30 7
jackie 1.2487783351501687 173 44
sixth 1.246312327017728 26 6
kidman 1.2401203831876106 22 5
morals 1.2313867405071743 18 4
spacey 1.21814143275963 29 7
excellent 1.2159885840035596 115 30
hawthorne 1.1956686250383797 10 2
master 1.1917082323191899 83 22
terrific 1.1873698400339698 79 21
7 1.1842398836555947 28 7
subtle 1.1797319616886792 82 22
fuller 1.177319463630706 17 4
shakespeare 1.1726790571477608 42 11
memorable 1.170888560049871 92 25
cameron's 1.169351292510731 24 6
decades 1.1648968505447943 31 8
german 1.1620519775505809 38 10
perfectly 1.1580374935103883 112 31
mcgregor 1.1491486142461955 20 5
toys 1.1491485884396706 34 9
encourages 1.1491485665996581 6 1
harris 1.136076551534135 37 10
innocence 1.133148154485589 30 8
philosophy 1.128529301719361 23 6
spielberg 1.1263339553193994 64 18
interpretation 1.1201610534465285 16 4
allows 1.1168876714745206 60 17
period 1.1145430850709115 70 20
dillon 1.1127809253882166 26 7
shalhoub 1.100358455403743 9 2
bug's 1.1003583340683303 29 8
endearing 1.090308092290904 32 9
rare 1.0885238817483067 55 16
raw 1.0859696913537018 22 6
maintaining 1.0750406005924518 12 3
chicken 1.0750405929203541 38 11
court 1.0639907370781216 44 13
owned 1.0595364357428352 15 4
wars 1.0528174621771864 88 27
zane 1.0490651669039082 18 5
joy 1.0450082965579455 40 12
tunes 1.0415179332044708 21 6
gradually 1.0358198908812195 24 7
larry 1.0334640668743837 52 16
likeable 1.0313654679083584 27 8
culture 1.02778773968363 61 19
disney's 1.0156171397302654 48 15
sweet 1.0144159157411003 103 33
realistic 1.0087912419568088 72 23
fable 0.9949979224122867 20 6
extraordinary 0.9949979192663712 29 9
comprehension 0.9949979000898495 5 1
longtime 0.9949978900274399 8 2
color 0.9949978892482889 56 18
hilarious 0.9949978529212178 116 38
craven 0.9949978266969168 26 8
artist 0.9763056530344354 52 17
study 0.970900318862693 40 13
politics 0.9668270148364044 34 11
miles 0.9642262467697957 31 10
movement 0.9610963701623358 28 9
frank 0.961096285110802 86 29
howard 0.957257501901152 25 8
effective 0.9534981000448894 117 40
brilliant 0.9524383275451402 114 39
federation 0.9524382897241903 22 7
argument 0.9462077635698343 19 6
8 0.9423541483972198 36 12
matrix 0.9409307115907133 53 18
fiction 0.9401896825576195 141 49
victor 0.9378394798432623 16 5
wonderful 0.9339101847616949 126 44
risk 0.9324775507105905 30 10
vision 0.9304593354486101 44 15
well-written 0.9260050531063992 13 4
masterpiece 0.9222385379282318 52 18
afterwards 0.9180367921899197 24 8
war 0.9175104075358194 210 75
robbie 0.9079865315749593 21 7
rose 0.9079865083777783 54 19
terrorist 0.8996877302933317 29 10
wings 0.8949144750699993 18 6
mood 0.8949144205804416 56 20
boogie 0.8918136048728389 45 16
speech 0.8896374118949577 53 19
friendship 0.886784300697748 34 12
powerful 0.8837722587558794 101 37
nicholson 0.8772148872802212 39 14
natural 0.877214862139569 63 23
mitchell 0.8772148013985497 23 8
flaws 0.8723955965971726 68 25
pain 0.8709452382324763 52 19
raised 0.8657861811892964 28 10
henry 0.8614665417944156 62 23
destined 0.8614665207827752 20 7
touching 0.8591963394056865 54 20
horizon 0.857796765704606 33 12
suicidal 0.8518970870991929 12 4
overall 0.8518970807543393 90 34
sky 0.8518970247968323 38 14
perfect 0.845884985417662 198 76
experiences 0.8454661660803637 30 11
emotions 0.840847242922866 53 20
method 0.840847198193531 17 6
edwards 0.8346551910328905 22 8
viewed 0.8306948641333598 27 10
unusual 0.8279438045489815 32 12
images 0.8259215987803863 75 29
share 0.820644543912298 62 24
thrilling 0.8126763773879606 24 9
jamey 0.8126763619403228 4 1
debt 0.812676345663105 14 5
delivers 0.8126763437693363 74 29
refuses 0.8126763230024956 34 13
loves 0.8031069181271011 51 20
steals 0.7992532944123543 36 14
initially 0.7971721480009126 31 12
tale 0.7965469767420768 122 49
oscar 0.7958691906898796 117 47
fortunately 0.7943272229219183 26 10
struggle 0.7902034328836596 43 17
perspective 0.7873584994569338 38 15
issues 0.7862430975761274 55 22
frightening 0.783688790088032 50 20
nearby 0.7836887880093535 16 6
trek 0.7795763715734036 103 42
colorful 0.7787747965590697 28 11
outsider 0.7718543865965906 11 4
marriage 0.7718543477809874 59 24
themes 0.7682245528475065 54 22
reality 0.7634861175382799 118 49
displays 0.7613830734404878 18 7
equal 0.7565868981261534 25 10
personal 0.7531621465450549 105 44
sometimes 0.7528578488413533 145 61
spectacular 0.7508009317794091 46 19
fascinating 0.7498754563646859 53 22
beauty 0.7481378184294378 74 31
handicapped 0.7436834795031331 6 2
class 0.7436834638454073 76 32
twister 0.7436834220914754 20 8
private 0.7401056672318482 92 39
unique 0.7385683901864688 64 27
hall 0.736136317777456 43 18
nevertheless 0.7347147690724558 36 15
disney 0.7332394811495746 126 54
luckily 0.7326336315244486 29 12
paced 0.7292947762309314 22 9
remains 0.7292947426123071 68 29
nights 0.7276831210854731 61 26
remain 0.7267338146055824 38 16
animated 0.7261082675311528 93 40
driver 0.7230642176244988 47 20
futuristic 0.7230641703056602 15 6
army 0.7195858185418817 81 35
mike 0.7187445045583232 65 28
strong 0.7180110731688529 140 61
eager 0.7173661884149212 24 10
tradition 0.7146959117197405 33 14
chan 0.7138304395709589 76 33
dvd 0.7131467498868371 42 18
brown 0.7114226380744046 60 26
contemporary 0.7073158382916915 26 11
won 0.7073158219553513 44 19
likewise 0.7073157965640195 8 3
president 0.7034770678910629 64 28
nuclear 0.7020107628073173 46 20
greater 0.7007583885891364 37 16
process 0.697163437263967 48 21
history 0.6967782420579098 117 52
normal 0.6948933006682143 59 26
writes 0.694893263249023 19 8
journey 0.692717003529852 50 22
lonely 0.6913154742464549 30 13
complex 0.6903374879164854 72 32
honest 0.6896163069852719 41 18
united 0.6886236646292101 52 23
depicts 0.6848430180817004 10 4
england 0.684842950564116 32 14
witty 0.6848429368923945 54 24
weeks 0.6791449213729841 34 15
america 0.6784802162536199 93 42
fonda 0.6765441976235511 23 10
event 0.6765441359871165 71 32
presented 0.6750549912353865 60 27
conditions 0.6695755134959267 12 5
thankfully 0.669575400765634 38 17
details 0.6670910353178208 66 30
academy 0.6664938404095739 53 24
believes 0.6655187034356782 40 18
graham 0.6636407653644767 27 12
bond 0.6618534501910815 85 39
calm 0.6585256538291961 14 6
greatest 0.6566720257310106 76 35
mouse 0.6540712940160471 31 14
1997 0.6527116707067346 48 22
true 0.6513101071441687 216 101
startling 0.650157386379842 16 7
beautiful 0.6470566833021643 160 75
handles 0.6435999747491881 18 8
essence 0.6383230072895163 20 9
change 0.6373888010017783 106 50
mel 0.6360528491096087 43 20
troubled 0.633984587257892 22 10
dark 0.632883193876383 164 78
la 0.6327049021249653 70 33
buy 0.6320924310663187 47 22
bet 0.6303548037846944 24 11
aliens 0.6296987986013711 126 60
pure 0.6287535156138091 51 24
throughout 0.6287534869300728 155 74
river 0.6272731241530352 26 12
focuses 0.6246241047251608 28 13
sidney 0.6203044252242176 32 15
concerned 0.6185202365216327 34 16
visit 0.616931670381156 36 17
humanity 0.6110389762491373 46 22
edge 0.6101520526337403 48 23
adventure 0.6085809504905537 52 25
today 0.6072323241153583 56 27
science 0.6063398628071504 119 58
famous 0.6041315324210572 68 33
clearly 0.6029558000667077 74 36
life 0.6023698646304556 783 386
family 0.6012976024012868 341 168
solid 0.6010935307518555 86 42
unlike 0.6005826396663387 90 44
treat 0.5895328596429845 37 18
keitel 0.5895328484470639 9 4
vincent 0.5895328383174245 41 20
loyal 0.589532829108661 21 10
reveal 0.5895328207006596 45 22
oblivious 0.5895328129933244 11 5
fears 0.5895327993572703 25 12
danny 0.5895327932968009 53 26
depiction 0.5895327876692242 13 6
dance 0.5895327775395831 59 29
stanton 0.5895327686761487 7 3
intelligent 0.5895327225501088 97 48
judge 0.5895327015284906 33 16
bud 0.5895326978727198 17 8
great 0.5828661019541936 597 300
song 0.5762876046319345 74 37
queen 0.5737844483309953 62 31
enjoyed 0.5732722899538398 60 30
american 0.5723797067430008 288 146
arts 0.5701146713182013 50 25
fate 0.5684793581761429 46 23
world 0.5666309526884827 517 264
intense 0.5654352347678309 40 20
cusack 0.5628645552749525 36 18
sees 0.5621337782012894 71 36
source 0.5613618226816843 34 17
childhood 0.5596797403728662 32 16
tarzan 0.5567429525476495 59 30
commentary 0.5556312284355478 28 14
carries 0.5531651464577827 26 13
carried 0.5503120896460381 24 12
spirit 0.5487108151112068 47 24
shares 0.5469732026276652 22 11
force 0.5450810625514286 87 45
caught 0.5444123037056059 64 33
others 0.5442176494628548 150 78
soft 0.5430128183164769 20 10
thanks 0.5430127877540922 62 32
lies 0.541523589605875 60 31
similar 0.5412141629680232 100 52
different 0.5386743991183716 229 120
knight 0.5382395599472289 18 9
woody 0.5368890144285761 73 38
younger 0.5364229206451974 54 28
inevitable 0.5354655827665162 35 18
whom 0.5344729727953013 105 55
performances 0.5323744194466604 220 116
bull 0.5323742876885422 16 8
voice 0.5298135335180376 129 68
musical 0.5296346239173868 80 42
loose 0.5289080838247973 31 16
gibson 0.5276573602940253 46 24
covering 0.5249942521996847 14 7
extremely 0.524054842041549 132 70
progresses 0.5205399113796112 27 14
sister 0.5195741989096785 68 36
lets 0.5189152147668832 40 21
definitely 0.5184368713465002 94 50
both 0.5184368366852876 474 254
begun 0.5154248216620179 12 6
technology 0.5154248169915832 38 20
inspired 0.5125717587898038 49 26
captured 0.5115712555791969 36 19
floating 0.509490098854668 23 12
streets 0.5072947075754808 34 18
created 0.5061512047455476 91 49
teacher 0.5054496228338117 56 30
future 0.5051915409868268 124 67
age 0.5043749182684536 89 48
yard 0.5025214444784343 10 5
disturbing 0.5025213666509902 54 29
melvin 0.5025213265329178 32 17
chemistry 0.499920604583469 63 34
presents 0.4985610517592445 41 22
answers 0.497159387765592 30 16
finn 0.49422265947402444 19 10
slightly 0.4918942704378857 77 42
pace 0.49109270309564934 57 31
rich 0.4904418643613546 95 52
atmosphere 0.4901603166071258 66 36
loving 0.4894493909751372 37 20
tony 0.48843664403748654 46 25
directing 0.4841722842383156 62 34
reviewer 0.48417228307076066 8 4
holiday 0.48417227016816966 26 14
father 0.48327581638395056 222 123
contact 0.48033349936661196 51 28
stories 0.4799705890262018 94 52
meeting 0.4795318765878154 42 23
classic 0.47620413596408717 149 83
flesh 0.4762041119507856 24 13
award 0.4744634482096508 40 22
cinematography 0.47327297075187325 72 40
arguably 0.4717496699848489 15 8
follows 0.470473342590747 86 48
surprising 0.4697315416590566 54 30
babe 0.4689047969906355 38 21
george 0.4689047664282491 116 65
greatly 0.46693048848900887 22 12
china 0.46436956734833323 29 16
approach 0.46278108660710515 73 41
often 0.46278103395190584 184 104
born 0.4609153713275429 50 28
states 0.4603210425187463 57 32
highly 0.45985497019422716 64 36
typical 0.4594796188225043 71 40
visuals 0.4560014336862501 41 23
seasoned 0.45600138603971274 6 3
starship 0.45600136079983145 48 27
singer 0.4560013496396955 62 35
quite 0.4521743638136648 325 186
amazing 0.4510630974706782 100 57
soul 0.45069631318125225 46 26
= 0.44977079716076496 119 68
carry 0.44845421142671427 65 37
shop 0.4464319453724048 25 14
own 0.445787999653227 413 238
modern 0.4454934092348015 70 40
cold 0.44402516305573947 82 47
simple 0.4435788119279831 139 80
ali 0.4429293709741895 18 10
jackson 0.4411127896553797 49 28
works 0.4409221925664628 180 104
justice 0.44000097392564363 30 17
offer 0.4379828413110918 54 31
draws 0.43538212115941555 11 6
led 0.43538208810700496 59 34
generally 0.4326902715137546 52 30
jake 0.4304680182442979 28 16
always 0.42984474013417273 282 165
field 0.42919015763277457 45 26
gives 0.42741393599735034 249 146
portions 0.4270138728865831 16 9
surprisingly 0.42701381733333577 101 59
law 0.42564491947434036 72 42
soldiers 0.4244530304334031 38 22
bay 0.4224787303397779 21 12
silent 0.42091003850442554 48 28
soundtrack 0.41963376583990986 80 47
slave 0.4196337448282712 26 15
viewer 0.41826111275560507 90 53
claims 0.41768255487864536 31 18
dreams 0.4169200395308934 68 40
relatively 0.41626106660615747 36 21
country 0.4151794358041325 83 49
criminal 0.4143286663422341 46 27
although 0.41388343954990425 400 238
versa 0.4072112748437977 4 2
surprises 0.40721123890763344 34 20
brings 0.4072112356611708 99 59
ride 0.40721123391307756 64 38
relationships 0.4072112033571944 44 26
enjoyable 0.40721119744662815 84 50
date 0.4072111807341887 54 32
abandon 0.4072111535083849 14 8
best 0.40671238736233484 667 400
forces 0.40094157116578977 52 31
considered 0.40029079886400964 47 28
position 0.3984776044169571 37 22
decade 0.3971609117309587 32 19
heart 0.39634157124314484 121 73
tiny 0.3953767011883613 27 16
whether 0.39482715531172197 106 64
exciting 0.3937881638917755 73 44
wishes 0.3928225107937564 22 13
especially 0.3921732723511102 219 133
support 0.39108183225453885 40 24
happy 0.3906818995402137 99 60
sentimental 0.3888620940977212 17 10
performance 0.3884489106410962 439 268
knowing 0.3859338588194401 30 18
general 0.38340049674406806 82 50
venture 0.38189342003250637 12 7
lives 0.38106595386666164 150 92
british 0.3801825433127082 72 44
human 0.3794089406040353 200 123
critics 0.37822370391449134 67 41
very 0.3782236835517745 917 566
interviews 0.37595871954759374 20 12
rating 0.3748758845100184 70 43
told 0.37382417586828964 107 66
truly 0.3737151972259376 136 84
keaton 0.37330960440434957 28 17
puts 0.37246824748270235 65 40
breaks 0.3718093000489251 36 22
comic 0.3706536170012633 187 116
fantasy 0.3701699105888867 52 32
wedding 0.3687449151263298 84 52
wells 0.3663892551828898 7 4
tight 0.3663892448698025 23 14
setting 0.36638919138333925 71 44
impressive 0.3645218048900478 106 66
minor 0.36340865250450527 66 41
apartment 0.3630050788637291 58 36
form 0.3627593862721721 109 68
parents 0.3624752919934373 101 63
against 0.3621428753201883 187 117
desire 0.36069121890668576 34 21
important 0.3602226717580663 96 60
choice 0.35995831797306366 61 38
recall 0.3590090599769198 26 16
stephen 0.3577311884983505 45 28
many 0.35687933550342965 606 382
individual 0.35591798634396277 37 23
town 0.3554601894289764 181 114
events 0.3542186595182848 97 61
inside 0.35381041120889734 78 49
eventually 0.35314403840218134 119 75
faces 0.3511217594556033 51 32
husband 0.34970668899867796 106 67
throne 0.34837075264452544 10 6
aware 0.3483707427588669 32 20
truth 0.3483707072421538 76 48
learns 0.3483706772184121 54 34
shows 0.34766024025607045 200 127
prove 0.34533579005262105 46 29
hopes 0.34441032754048884 35 22
common 0.34369783496199524 60 38
unable 0.3426727103212741 24 15
mother 0.34234204349273334 188 120
also 0.34169663495412994 959 614
theme 0.34169659093463345 63 40
seen 0.3412531661234208 439 281
emotional 0.34107141447829115 116 74
feature 0.33923821455431735 108 69
punishment 0.33821828734841297 13 8
innocent 0.33575223422277034 44 28
alien 0.33489058502714286 199 128
eat 0.3346405591236845 30 19
filmmaking 0.3335994198778689 47 30
novel 0.33310330609160665 129 83
yet 0.3320215736512644 285 184
struggles 0.33170368391354366 16 10
clever 0.3317036420620241 84 54
men 0.33135131593614453 257 166
blue 0.3285189041231167 56 36
segment 0.32716856070514133 19 12
fine 0.3271685016792638 139 90
proves 0.3271684975558049 59 38
deal 0.32571811612687007 105 68
design 0.32538118475390654 42 27
hearing 0.32382963450414337 22 14
using 0.3231281445427161 94 61
finds 0.3230315244327038 166 108
job 0.32258659651019617 267 174
losing 0.32126873518115495 25 16
most 0.32052580376225404 1107 724
touch 0.320199742619792 54 35
despite 0.31986921198997464 167 109
central 0.319242489298146 57 37
light 0.31924236708918663 86 56
young 0.3190925306885841 350 229
sea 0.317599086210798 31 20
ben 0.31666572303345575 101 66
extreme 0.3162394523494534 34 22
martin 0.3156440613968634 72 47
cult 0.31509598846184517 37 24
small 0.3148886864061513 192 126
charles 0.31327943034911954 43 28
easily 0.3119010497443693 99 65
fresh 0.3113294070731101 52 34
sets 0.3103613425825795 117 77
subject 0.3083653710141139 76 50
dramatic 0.3076815710026235 85 56
each 0.306324977343464 335 222
side 0.30502018556541266 157 104
scared 0.3018507418523413 20 13
program 0.30185073870642576 29 19
marry 0.30185072275791924 32 21
wayne's 0.30185071952990405 5 3
pleasure 0.3018507094674945 35 23
child 0.3018507086883435 113 75
satire 0.30185069822175237 38 25
filmed 0.3018506802285632 44 29
enjoy 0.30185064613697143 107 71
loved 0.3018506071420859 50 33
robert 0.29782655805295555 123 82
art 0.2965455906636798 93 62
doubt 0.2959855581731077 84 56
seven 0.29368741186435976 60 40
surprised 0.2928008229483616 54 36
king 0.2916982985934169 97 65
ending 0.2915413057932934 192 129
russell 0.29103980951220976 45 30
friends 0.290677405327628 177 119
including 0.2894282298489088 159 107
become 0.28778009713373987 246 166
built 0.28585039015159275 30 20
boxing 0.2841511722422094 27 18
violence 0.28415111379564095 139 94
able 0.28383217048882337 164 111
genuine 0.28315847247449 52 35
begins 0.2826982173389112 180 122
several 0.2797095889300678 200 136
achievement 0.2793778763549124 21 14
married 0.2777531383027476 81 55
final 0.2771580495989312 179 122
hood 0.2758752722053064 18 12
power 0.27587522565644385 94 64
characterization 0.27367983427645903 34 23
food 0.2728631279007576 50 34
standing 0.27107906620985034 31 21
prison 0.27107905314752223 79 54
attention 0.2710790107071137 111 76
love 0.26963713702405556 503 346
detective 0.26958990714052433 60 41
hits 0.2690608552366296 44 30
spot 0.26794918960239045 28 19
entertaining 0.2679491385714705 144 99
willing 0.2667594195569354 41 28
leader 0.26613262751358846 54 37
list 0.26574566735198246 67 46
narrative 0.2641103673655181 38 26
potent 0.2641103213412066 12 8
eyes 0.26248960208336314 136 94
beach 0.2610287115853769 35 24
mysterious 0.26035091948494404 58 40
honor 0.2592911091642449 22 15
david 0.2589256348265554 170 118
above 0.256827037711993 75 52
theaters 0.2563883084642935 42 29
fear 0.25533074586469695 62 43
cleaning 0.2530605830098889 9 6
stops 0.253060569734334 29 20
may 0.25306045292969515 409 286
message 0.2512069923308964 76 53
otherwise 0.2509306159419964 66 46
among 0.25055740899258794 113 79
entertainment 0.24836206428707364 90 63
simon 0.2477835310307679 53 37
present 0.24778346025471798 80 56
english 0.24704250199767408 70 49
industry 0.2465880513629788 43 30
assigned 0.24469229928331693 16 11
create 0.24469229563477768 84 59
short 0.2416554722771025 136 96
sympathy 0.24122603467855264 23 16
supporting 0.24076300420174945 126 89
will 0.23990700231384565 1024 726
agrees 0.23933037015064507 30 21
added 0.2381349413490721 37 26
ones 0.23768868019978484 82 58
person 0.2368928101664185 148 105
spectacle 0.23285787254645385 13 9
downright 0.23285786556272825 20 14
drawn 0.23285783639434143 34 24
troopers 0.23285779507764026 48 34
his 0.23281332493945772 4497 3212
carter 0.23015873334396098 73 52
footage 0.22909135736828645 52 37
sense 0.2289893215556198 257 184
particularly 0.22774274453980148 116 83
audiences 0.2277427205264999 77 55
anthony 0.22662729965261796 31 22
local 0.22662726449098436 95 68
run 0.22603183787126113 145 104
brutal 0.22488961162997434 24 17
picture 0.2244640368684756 260 187
technical 0.2235984834723599 42 30
suspicious 0.2218079953288381 17 12
asks 0.22180799018439146 53 38
accident 0.22017257986137118 46 33
leading 0.21915902063029868 57 41
angry 0.21796926071448297 39 28
genre 0.21796922342562652 119 86
blood 0.21759040371017058 90 65
son 0.21655311276489364 145 105
uses 0.21632852944177117 83 60
together 0.21586023853317649 244 177
takes 0.2152506549524853 303 220
trail 0.21483935101501395 10 7
center 0.21483933812769251 32 23
white 0.21383980614445797 124 90
camp 0.21223855543722436 47 34
years 0.21165557211226016 391 285
arrives 0.21146663698104007 36 26
trio 0.21004320623500305 25 18
version 0.20851874072736365 137 100
prominent 0.2065405497333863 14 10
pop 0.2065404943117617 44 32
near 0.2053903949617002 78 57
themselves 0.20512104964828914 127 93
while 0.20257349808170755 708 521
combined 0.20176729451005393 18 13
opens 0.20087479198784308 79 58
scream 0.2005969844251947 121 89
depth 0.19957190146043224 64 47
successful 0.19933513247670653 87 64
grown 0.1986664243128935 22 16
brought 0.1978610164019745 72 53
train 0.19749069195854396 49 36
story 0.1974080448351323 980 725
flaw 0.1964902313350123 26 19
means 0.19590209624583643 84 62
ted 0.1948786035934127 30 22
whose 0.1942201081302244 197 146
aspect 0.19422000804406103 65 48
winning 0.19363712013780265 34 25
various 0.19311746027965526 73 54
limited 0.192651398231094 38 28
between 0.19265138936687798 428 318
well 0.19156163579928798 758 564
strange 0.1915025859286832 89 66
directors 0.1911851006200429 46 34
leave 0.190625078195934 101 75
experience 0.19037681562291553 105 78
without 0.1902215199268973 325 242
language 0.18973339476016093 58 43
he 0.18877899447080715 3474 2593
filled 0.1887735512478219 70 52
mind 0.18758267270850126 189 141
result 0.187075222368966 110 82
feel 0.1856192746070091 214 160
star 0.1851831460155111 298 223
scientists 0.18406770672027584 19 14
killers 0.18406770357436208 27 20
posed 0.1840676815796236 3 2
previous 0.184067666173787 83 62
engaging 0.1840676644726038 35 26
six 0.18406764701900435 59 44
cartoonish 0.18406762083860428 11 8
as 0.1818829667659907 5181 3894
until 0.18089809337832818 209 157
learn 0.1799608615954309 80 60
constantly 0.17895257137680076 64 48
ready 0.17779805767253087 52 39
past 0.17763679565974755 154 116
exception 0.1772879408075898 48 36
black 0.17681598335084825 228 172
toward 0.17668747003731333 44 33
tom 0.17597043002170665 122 92
floor 0.1750989901420219 36 27
cross 0.17401734024557491 32 24
bit 0.17337235358908387 247 187
year 0.17313854368532589 272 206
animal 0.172639000629351 28 21
behind 0.17179756708675598 161 122
children 0.17161413698275396 132 100
everyone 0.17108046705451407 203 154
destroyed 0.1708224965237708 24 18
easy 0.17027432633801176 95 72
- 0.1686212960264033 620 472
surreal 0.1683193402228298 20 15
death 0.16683933931701045 210 160
smart 0.16667597221464803 75 57
believable 0.16604915884574112 54 41
man 0.16587995442387804 562 429
kids 0.165718487771219 143 109
return 0.1655141951363781 88 67
regarding 0.16464958514466055 16 12
company 0.16370037272445437 80 61
music 0.16354606768607827 208 159
new 0.16316096979163675 567 434
direct 0.16208878317615394 29 22
times 0.16072032411272463 253 194
member 0.16053715702066462 55 42
keeps 0.1602001815439138 68 52
game 0.15937507609064383 159 122
witnessed 0.15874990653924748 12 9
plenty 0.15711187057801546 60 46
drugs 0.15589678928156836 34 26
occasionally 0.1552472200195485 56 43
qualities 0.15421466616366253 21 16
live 0.15379752942216385 140 108
score 0.15360847001226396 96 74
stands 0.15310539342427454 52 40
makes 0.15288479411221623 441 341
amount 0.15231898552041834 61 47
viewers 0.15127788172834222 79 61
done 0.15112347173433438 208 161
officer 0.15061974537281664 48 37
him 0.14975323286531061 1183 918
usual 0.14958150348800814 75 58
crime 0.14938210971797616 84 65
role 0.14806547140657234 390 303
combination 0.14770006236292055 26 20
u 0.14770003115083874 62 48
stole 0.14770001763358565 8 6
cinema 0.14769999832744674 80 62
order 0.1466100900272096 130 101
violent 0.14528162820292856 58 45
green 0.14484695567739436 49 38
sympathetic 0.14422173667323612 40 31
however 0.1438722646818409 446 348
cannot 0.143245683697506 63 49
right 0.14245277068515172 352 275
secret 0.1422205081159298 77 60
success 0.14205826259369836 100 78
credit 0.14150808518099467 68 53
jurassic 0.14150801047294514 22 17
films 0.14077083425150683 677 530
began 0.140007667846616 36 28
less 0.1393317785001802 203 159
win 0.13933177850017842 50 39
sam 0.13869901597555945 78 61
by 0.1377425941141759 2797 2197
paint 0.1375476835734144 13 10
knows 0.1368539342815165 130 102
took 0.13633624847695813 74 58
control 0.13479662398903614 65 51
making 0.13464279013745983 249 196
home 0.13434422140571645 254 200
release 0.13277443166789027 94 74
devoted 0.1327744182204409 18 14
campbell 0.13122509827304363 42 33
model 0.13000050573240074 23 18
beginning 0.12957945715311148 124 98
meet 0.1294795046433137 100 79
dealing 0.12818723407211863 28 22
wife 0.12765925524999666 246 195
and 0.1275291370975471 15718 12474
set 0.1270682053847061 232 184
appealing 0.12690925428842625 33 26
during 0.12562407316983482 287 228
kid 0.12557140901541608 82 65
use 0.1253941913503347 170 135
direction 0.12501856626198204 136 108
help 0.12475105672022657 239 190
moments 0.1246442045264402 195 155
fun 0.12444316980172765 254 202
perhaps 0.12439535393636802 205 163
entire 0.12377540014817079 176 140
nearly 0.12329557779930411 132 105
romance 0.12269864157855181 78 62
surprise 0.1221922521858616 93 74
is 0.12164258680104112 11130 8885
bag 0.11952919682801522 24 19
feels 0.11952919682801344 99 79
trends 0.11952918138037738 4 3
chances 0.11952916510315958 14 11
bus 0.1195291424425502 34 27
seeing 0.11624508209948203 151 121
l 0.11574838949572275 65 52
outside 0.11543917242571844 60 48
other 0.11512702622820825 849 682
discovers 0.11463911425192208 50 40
actions 0.11345007609633306 40 32
still 0.11305660083146218 461 371
dangerous 0.11260869533817974 35 28
battle 0.11227401711389362 102 82
minds 0.11149698763830074 30 24
itself 0.11127592943675246 180 145
dog 0.11079545346231612 113 91
see 0.11026540511773497 778 628
its 0.1101021626629155 1002 809
disappointed 0.10995973756715571 25 20
turns 0.10969068827778194 176 142
almost 0.10930764408572458 364 294
depp 0.10769465537147838 20 16
boy 0.1072805315582741 141 114
named 0.1069503156275946 157 127
call 0.10645706886215223 94 76
destroy 0.10610611385240887 36 29
sticks 0.10402496744096723 15 12
fellow 0.10402496488602431 47 38
group 0.10402496284206997 159 129
which 0.10352311578555451 1378 1120
convincing 0.1027220101299342 58 47
with 0.10245431126968807 4746 3862
weird 0.10223761903171535 42 34
lead 0.1019848439269122 112 91
austin 0.10118004236197287 26 21
though 0.10029784921253171 411 335
himself 0.10009462156507798 292 238
finale 0.09998459322850728 37 30
latter 0.09932644567706106 48 39
jack 0.09793853917710571 125 102
place 0.09746941657840669 268 219
rather 0.09705630121641917 274 224
fit 0.09705629313280184 32 26
symbolism 0.09705625232371418 10 8
store 0.09705623613041148 54 44
turn 0.09631085455390931 148 121
introduced 0.09483653257975888 49 40
upon 0.09374502617705538 133 109
stunts 0.09309591701618203 27 22
task 0.0921301365259346 44 36
gave 0.09169431920874693 61 50
following 0.09144609708928719 78 64
glad 0.09054160744940809 16 13
known 0.0905416047768206 118 97
comedies 0.08875752080347432 39 32
drama 0.08875748351461787 119 98
showing 0.08827664709581384 62 51
being 0.08800287812211938 561 463
roger 0.0874408953667416 45 37
does 0.0867624586684137 697 576
finally 0.08642919360285894 155 128
high 0.08621189914161587 213 176
tells 0.08600642161737149 109 90
clean 0.08562761599912427 28 23
certain 0.0856274805196584 86 71
note 0.08478622022953708 98 81
physical 0.0835970518218847 40 33
manner 0.08297151006884285 46 38
friend 0.08248792256470949 158 131
find 0.082222104715437 341 283
i've 0.08210278549501382 176 146
film 0.08200816241640485 3883 3225
ever 0.08178879904593561 324 269
our 0.0817191950397973 265 220
of 0.0815246020164242 14785 12286
chris 0.08081468865187702 94 78
first 0.08076583228507062 777 646
hollywood 0.08052692242186765 219 182
ship 0.08047859392258339 112 93
way 0.08006123622039052 738 614
responses 0.07870720603664516 5 4
ii 0.07870716722104198 59 49
primarily 0.07870714134397261 17 14
bizarre 0.0787071396475909 53 44
clear 0.078707100358681 77 64
, 0.07742931075756188 33785 28190
computer 0.07676730265883336 102 85
motion 0.07597115715238445 72 60
hands 0.07543383619767852 60 50
produced 0.07507737228756106 54 45
film's 0.0748236010170471 256 214
usually 0.07463378142880472 97 81
difficult 0.07436873383164588 91 76
more 0.07371962386530484 1439 1205
plane 0.07331628886047525 36 30
barry 0.07227627138176196 30 25
turned 0.07183418601906588 86 72
playing 0.07132698752513811 161 135
dinner 0.07073902785592345 24 20
nice 0.07073896382044964 149 125
same 0.07060998377007 368 309
elements 0.06885480570180391 100 84
herself 0.06823589288054244 75 63
people 0.06792798392652521 608 512
sequence 0.06785713819477124 164 138
cute 0.06701106297438919 50 42
genius 0.06628463658473294 31 26
worth 0.06546190346076486 134 113
who 0.06523604052617671 2329 1967
living 0.06520650290382335 102 86
shot 0.0647209317562698 141 119
has 0.06427161032541306 2076 1755
twisted 0.06343971756620803 25 21
major 0.06343967976415676 129 109
everything 0.06217782593904708 215 182
rules 0.06146535452036517 45 38
feelings 0.06068864629378368 32 27
the 0.05958564011044931 32912 27956
room 0.05942522585391785 112 95
reference 0.05890449652902596 19 16
their 0.05859471505112879 1328 1129
night 0.058552415785232625 166 141
fighting 0.0576537512194637 46 39
production 0.057067925277424436 127 108
background 0.05672827580474049 53 45
based 0.05672821733756983 161 137
parody 0.05545028515400219 33 28
heard 0.05499063786949243 74 63
from 0.05473149973272928 2109 1800
forever 0.05460957258055643 40 34
reasons 0.05357112228323224 54 46
we 0.05187046825571873 999 855
these 0.051423129846544846 563 482
favorites 0.050536298943187674 6 5
recommend 0.050536276704969296 48 41
negative 0.050536241531530024 20 17
those 0.04978414224642691 442 379
felt 0.048401749937006855 77 66
book 0.04819159563531272 141 121
liked 0.04793545988334813 63 54
romantic 0.047208481302224214 99 85
public 0.0466677647616649 42 36
hotel 0.045917316352038995 35 30
keep 0.04530893181560991 158 136
serves 0.044805618117006674 28 24
large 0.043710293884400286 72 62
gift 0.04298913721751063 21 18
come 0.04185607977750294 324 280
wayne 0.04156758851251041 36 31
later 0.041375848528868886 162 140
casting 0.04096681485182607 51 44
pulled 0.039486450964503206 29 25
situation 0.03948641933118502 74 64
becoming 0.039486400244785 44 38
beyond 0.03855997090101937 82 71
movies 0.038390417610487226 490 425
directed 0.0383558164273623 135 117
affair 0.03746423230363938 37 32
ability 0.036967553877380155 60 52
john 0.03661498054945245 320 278
manages 0.036614922710962006 106 92
overcome 0.03614759567098602 22 19
lawyer 0.03522202580041167 53 46
bloody 0.034535940525527664 30 26
are 0.033596638732751316 2955 2576
goal 0.033586634045637 38 33
fire 0.03251775421456671 54 47
days 0.03205150669845125 133 116
watch 0.030495540338739247 246 215
agree 0.029917037064553398 23 20
relevant 0.029916989745714773 7 6
telling 0.029916968859556192 55 48
back 0.029282290389547327 449 393
; 0.029177069971254355 771 675
act 0.02873700017919667 120 105
sound 0.02855737989767171 104 91
in 0.027836173387679075 9189 8057
four 0.027225120026722394 105 92
roles 0.026197183933408752 114 100
suggest 0.025597323998377775 32 28
play 0.025415868898337024 189 166
tension 0.02500294968745287 57 50
flash 0.02421900785497577 24 21
certainly 0.0239468974306547 166 146
spend 0.02354076501737623 66 58
match 0.023137321860099647 41 36
expect 0.022265822423646497 92 81
working 0.021548757768018234 84 74
eerie 0.021548731159795054 16 14
possible 0.02025511198416119 102 90
a 0.020069764801123213 16124 14248
runs 0.01999956932689173 85 75
day 0.019491635777057148 258 228
consider 0.018987951008975656 51 45
park 0.018275457514461024 60 53
one 0.017885200326678508 2324 2058
number 0.016749253520076834 96 85
school 0.016529907953941603 158 140
imagine 0.016529852137930234 52 46
weapons 0.014168657731746137 26 23
cab 0.014168616004074153 8 7
never 0.013489532545262861 551 490
won't 0.013022441263393247 108 96
fall 0.012919383578127608 99 88
popular 0.01264534348134383 81 72
considering 0.011898424130935226 54 48
you've 0.011161051229588992 82 73
written 0.010795927935607352 147 131
asking 0.009714301061070074 27 24
screen 0.0094090151640005 261 233
taking 0.009326062654350764 102 91
over 0.00847190790886998 546 488
for 0.008413646248717654 4179 3736
found 0.007976617848422407 160 143
two 0.00784099812051764 767 686
taken 0.007611231759982573 94 84
consists 0.007611208029191019 18 16
features 0.0063864905108559356 95 85
lovely 0.005584901860467895 28 25
piece 0.005188453765066825 96 86
because 0.0042745954721405965 703 631
soon 0.0038714271921698185 156 140
into 0.003648047134070964 1110 997
break 0.0033577370604280787 68 61
an 0.003317535988564657 2405 2161
lee 0.0028690712279075825 98 88
characters 0.002779600483530764 752 676
not 0.0023239394217569043 2307 2075
previously 0.0017461201082689115 29 26
mostly 0.0017461051405920358 99 89
reviewed 0.0017460826890776104 9 8
her 1.2319527944271158E-4 1846 1664
exactly -7.371918692555823E-5 121 109
after -0.0013560410486892494 750 677
old -0.0013838029555923725 318 287
face -0.0015651069501725345 133 120
smile -0.0018317063134904998 30 27
style -0.0023606951985222224 134 121
decide -0.002518298995353163 51 46
meets -0.002970947722046091 93 84
susan -0.003530873574673521 20 18
actual -0.0035309443507216542 62 56
real -0.004523467740823683 370 335
efforts -0.00517433254969113 31 28
murder -0.005496563533574417 106 96
red -0.005634046981858987 74 67
special -0.005758660356001144 235 213
steven -0.006450672351885345 53 48
take -0.006672466132170207 367 333
second -0.0076503526305575775 152 138
cave -0.008304162478244947 10 9
constant -0.00830422999582936 32 29
mystery -0.009585452589261578 77 70
full -0.009928897769659883 122 111
within -0.010524022852850479 89 81
decides -0.010832783063705165 78 71
long -0.011139347161608804 316 288
brian -0.01124109383213856 33 30
matter -0.011499166843538688 124 113
crew -0.011595450276914221 90 82
such -0.011619077312939652 511 466
familiar -0.012047211811514913 79 72
cast -0.012642573301105742 321 293
comes -0.01264257330110663 298 272
it -0.01297410569394053 5169 4721
read -0.013230345986240621 80 73
where -0.013431980501622753 602 550
through -0.013689761542263312 499 456
sure -0.014002238175322645 209 191
falling -0.014002259186961297 34 31
evil -0.014948826995732745 164 150
bruce -0.015061034864954692 58 53
than -0.01597464418434491 1012 927
crying -0.016602982936394284 11 10
character -0.0173075263509741 773 709
jim -0.017847601026538484 72 66
christmas -0.019057096338841006 36 33
away -0.019915444948280125 273 251
she -0.020070713645208293 1072 986
unlikely -0.020232758702256604 24 22
conclusion -0.021936427034422223 50 46
city -0.022064584996549286 165 152
improved -0.023571667064018698 12 11
twenty -0.023571779794311354 38 35
theater -0.02447710327052377 91 84
but -0.024943417228127984 3581 3310
work -0.025716109875731696 426 394
left -0.025963522245408654 173 160
behavior -0.026653340150371463 26 24
victim -0.029506414421049953 41 38
switch -0.029506415195468705 13 12
bring -0.029506460523400335 97 90
recent -0.030410985247995015 84 78
merely -0.03058925416053171 70 65
hate -0.030855113242648002 56 52
1998 -0.03129373036886385 42 39
that -0.031482616796283835 6221 5788
originally -0.0321554289957664 28 26
dies -0.03299682672650128 43 40
them -0.0331245389925412 763 711
can -0.033844834687770664 919 857
arm -0.03462152673074925 14 13
land -0.034621527576685907 44 41
once -0.03491790373952597 240 224
james -0.03501613173169993 180 168
god -0.03540614814769505 90 84
ultimate -0.0369230286088964 30 28
william -0.03736507429490388 77 72
chance -0.037656437753575744 93 87
die -0.03823170273513554 78 73
-- -0.03825919742071093 489 458
surface -0.039075886543898264 31 29
body -0.0390759245824146 111 104
to -0.03944363680245999 13047 12236
biggest -0.04010100278404671 64 60
again -0.040513688432058714 277 260
joe -0.04060144241427288 130 122
ago -0.04070063865936291 81 76
show -0.04087604215203022 295 277
climax -0.04173900870658542 49 46
last -0.042245415320043556 335 315
becomes -0.04298973407706175 220 207
seem -0.04298975697345764 237 223
discovery -0.0429897941801034 16 15
york -0.04298979510308776 101 95
time -0.04312320261122515 936 881
little -0.04318787905625676 630 593
( -0.04328818120086453 4816 4534
exist -0.044773919763864356 34 32
highlight -0.046456068847277265 17 16
probably -0.04672700970491572 216 204
brother -0.04710216473197448 90 85
next -0.04804457444557109 184 174
what -0.04892922226072205 1258 1191
appeal -0.04954720581075733 37 35
when -0.0499205004138652 1338 1268
top -0.050030182920270505 114 108
wanted -0.050504605697151206 57 54
count -0.05097069946574173 38 36
it's -0.05177554675382545 1543 1465
lot -0.05213247876937821 278 264
virtually -0.052321032417125934 39 37
offers -0.05232114048203229 59 56
) -0.0547312823922832 4841 4610
harrelson -0.0548241732704291 20 19
members -0.05482420688905165 62 59
fact -0.05545091806179592 318 303
must -0.056361491655023244 259 247
intentions -0.05709433145033671 21 20
your -0.057761070841712225 356 340
scene -0.05777687011204691 557 532
slow -0.058494012718410815 67 64
insight -0.05916259330205342 22 21
. -0.06075990337013826 26984 25852
questions -0.06105483903484554 71 68
end -0.061155167207870065 432 414
explosions -0.06279237677525096 24 23
basic -0.06360912518671924 50 48
kind -0.06369775800954702 229 220
dean -0.0643936649461363 25 24
hope -0.06477462762384256 104 100
part -0.06494527785862747 289 278
essentially -0.06587405640691024 26 25
sight -0.06657319441740306 54 52
amy -0.067246746051703 27 26
put -0.06746585142380468 168 162
tell -0.06802349227066173 142 137
go -0.06884850306544887 438 423
steal -0.06971284902615515 29 28
actor -0.06971285968011376 209 202
slapstick -0.07082458260310354 30 29
three -0.0710912160818511 249 241
turning -0.07186571153583188 31 30
wants -0.0720328161312187 192 186
police -0.07346139904358395 100 97
head -0.0735369605403875 134 130
crazy -0.07462694403831271 34 33
another -0.07475554925572947 456 443
join -0.07544354808860554 35 34
results -0.07621551017878936 36 35
seems -0.07707490101781733 419 408
creepy -0.0776388949005149 38 37
before -0.07763893736614591 389 379
try -0.07829657607172003 119 116
on -0.07892178102695091 2910 2839
walk -0.07951683751868543 41 40
woman -0.07986026570283933 212 207
appropriate -0.08008389934095561 42 41
s -0.08044733712453933 130 127
saving -0.08114154757763359 44 43
much -0.08125328479420091 813 795
julia -0.08163549601643538 45 44
sean -0.08256099949795548 47 46
news -0.08299512792620511 48 47
good -0.08319457718866641 939 920
aside -0.08341170685888244 49 48
thus -0.08381179298520536 50 49
tone -0.0841963333756901 51 50
forget -0.08492229090022363 53 52
few -0.08502150207145576 379 372
quick -0.0855959227530878 55 54
let -0.08607004865615053 114 112
wish -0.08652000399938053 58 57
hard -0.08857652842899633 200 197
saying -0.08879936314008496 67 66
down -0.08934880304998671 352 347
was -0.08950838538463124 1998 1970
absolutely -0.09000880467938188 73 72
played -0.09075257462885933 312 308
laughs -0.09205364980808994 86 85
alone -0.0931430880474391 95 94
level -0.09325160455740011 96 95
opening -0.09531561931235544 120 119
moment -0.09538385231415347 121 120
starts -0.09545111018023 122 121
at -0.09606722028086612 1994 1979
up -0.09630035644230617 1234 1225
they -0.09716843684850929 1711 1700
getting -0.0974224290798773 161 160
things -0.097732061108883 340 338
since -0.100414440347528 312 311
all -0.1012390982400273 1685 1681
you -0.10306116028651058 1807 1806
scheme -0.10361432091696088 18 18
alarm -0.10361433211288151 4 4
dozen -0.10361434224252086 20 20
lovers -0.10361435145128439 21 21
excitement -0.1036143598592858 22 22
uncovers -0.10361436756662101 5 5
far -0.10361437028551723 244 244
capable -0.10361437465736856 24 24
rival -0.10361438120267508 25 25
killing -0.10361438726314276 53 53
maclachlan -0.10361439289072116 6 6
were -0.1036144030203614 479 479
clown -0.10361440302036229 14 14
conflict -0.10361440759503715 30 30
arguments -0.10361441188379672 7 7
say -0.10361441326891807 314 314
notice -0.10361441591263088 32 32
emotion -0.10361442327964099 34 34
meaning -0.10361442985021974 36 36
williams -0.10361443147023408 76 76
speak -0.10361443574689133 38 38
gore -0.10361444589465307 42 42
months -0.10361445431513694 46 46
french -0.1036144580098366 48 48
nicholas -0.10361447903145482 16 16
mentor -0.10361448268722562 8 8
plays -0.10687704211566462 305 306
really -0.10834256667920528 632 635
title -0.11234813293219581 113 114
fans -0.11442534197482246 91 92
you'll -0.11478772519295077 88 89
humor -0.11596019675766733 160 162
now -0.11609896527494445 397 402
michael -0.11611451831475428 158 160
effect -0.11800312738021645 68 69
scenes -0.11971131720664108 492 500
effects -0.11980908979932181 244 248
haven't -0.12070886685683035 57 58
mary -0.12303250924174414 50 51
says -0.12361507857399268 98 100
hardly -0.12559331413486596 44 45
rest -0.12673686225797276 170 174
case -0.1268712584791789 169 173
camera -0.12696178971582306 126 129
machine -0.12714488879621832 41 42
avoid -0.12893219459627048 38 39
kelly -0.1302826252849929 36 37
instead -0.13028265574876308 221 227
current -0.1326019582727831 33 34
out -0.13268622184257417 1355 1395
some -0.13277099339790954 1182 1217
realized -0.13346744018707923 32 33
would -0.13404885939530065 808 833
points -0.13438607246069978 63 65
close -0.1347049729854053 94 97
zero -0.135363107943002 30 31
sick -0.1364042280122959 29 30
stars -0.136840066076358 147 152
ahead -0.1375159521243976 28 29
across -0.13751602596972212 86 89
course -0.13790351339976414 257 266
murders -0.13870571518612707 27 28
hear -0.13933255137062517 54 56
independence -0.1399820341021627 26 27
mr -0.14107202197589075 130 135
students -0.14135471205890937 25 26
sent -0.14208074373505752 50 52
business -0.1423288626623318 75 78
desperately -0.14283509091390734 24 25
billy -0.1444363654487386 47 49
he's -0.14505979206530561 448 467
laughing -0.14617397793228015 45 47
: -0.14692505404270229 1219 1273
discover -0.14709956413919478 44 46
quaid -0.14806611800851677 21 22
house -0.1480662103746475 131 137
word -0.14907682205628525 85 89
hong -0.15013436224346854 41 43
simply -0.150681959181739 165 173
bob -0.1508673264813094 61 64
be -0.15093860020152228 2372 2487
track -0.151242492345812 40 42
something -0.15124253293731904 409 429
affleck -0.15240450108497328 39 41
favorite -0.15240460240930354 59 62
original -0.15314834255379228 255 268
stay -0.15321138298552128 58 61
how -0.15430094808509498 576 606
line -0.15458082342238377 152 160
strangely -0.15490762061271646 18 19
fast -0.1549077327342001 56 59
plans -0.15625816613136934 36 38
johnson -0.15768159779342916 17 18
said -0.15804963308678666 142 150
' -0.15842260611048964 70 74
about -0.15872676415838782 1358 1435
needs -0.15887710012405343 87 92
office -0.15996735647942906 68 72
peter -0.16023331172084276 102 108
staged -0.16077289287140317 16 17
every -0.1610714355355567 371 393
spin -0.16423909673514814 15 16
main -0.16536247291657347 156 166
protagonist -0.16613476851990505 30 32
facial -0.16815292836026074 14 15
came -0.16899716703036383 73 78
000 -0.1695723680128456 43 46
rock -0.16986378671043667 72 77
horse -0.17030577711633121 28 30
this -0.1707853578609546 3698 3955
actors -0.17080393884938427 258 276
jeff -0.17105568589913567 42 45
audience -0.17182264939884195 339 363
d -0.1726072649578505 41 44
clues -0.1726072691803342 13 14
funny -0.17304289970753128 305 327
like -0.17328732851139073 1371 1470
coming -0.1732943186960565 96 103
producer -0.17423196579306222 40 43
completely -0.17465021474311904 162 174
we're -0.17471030921344521 94 101
" -0.1747455987763784 6944 7456
bar -0.1750733563975686 26 28
deep -0.17571768156801326 106 114
heads -0.17593504763867074 39 42
island -0.17637382151592718 52 56
actress -0.1766395268219778 65 70
likely -0.17772235609566778 64 69
tune -0.17772235889792753 12 13
giving -0.1786495707016229 76 82
sequences -0.17896381973352682 114 123
having -0.1790381482789849 216 233
free -0.17912201679936324 50 54
sex -0.17973812014361634 176 190
too -0.17976458875285406 593 640
anything -0.17980355409846815 239 258
explains -0.18057542177014163 24 26
television -0.18100113981690136 86 93
forward -0.18157592498074848 36 39
comedy -0.18239530043078833 304 329
closest -0.1836570817052774 11 12
hit -0.18365708344313347 107 116
cops -0.1836571386398056 35 38
dead -0.18529246232792573 140 152
opposite -0.1858524729844646 34 37
handled -0.18699597581439775 22 24
went -0.18749584739368075 79 86
respect -0.18817181254283355 33 36
missing -0.1887722622914918 44 48
humans -0.18913660530129128 55 60
i'll -0.18938123878198176 66 72
gets -0.1903740660566804 330 360
frustrated -0.19062573608151112 10 11
screenplay -0.19062581390895517 109 119
phone -0.19062585402702759 32 35
fare -0.1932265759764764 31 34
purpose -0.19376553006005004 52 57
hero -0.1941283570404302 94 103
granted -0.19458612880070092 20 22
premise -0.19563335010140115 82 90
nasty -0.1959877927943534 30 33
half -0.19639613953880009 143 157
includes -0.19670486850744417 40 44
early -0.1972998998099662 111 122
knife -0.19892452108592096 9 10
boyfriend -0.1989245889371638 29 32
around -0.19946238926548254 337 371
e -0.200778172921094 48 53
hours -0.20098858636858985 87 96
look -0.2012529101220597 311 343
want -0.20279476862184342 210 232
goes -0.20293263179551246 248 274
they've -0.20369778958480822 18 20
box -0.20369793212314136 56 62
quality -0.2044191485276201 65 72
wrote -0.20471053652245885 46 51
doing -0.20515080910464256 130 144
utterly -0.2053970941722678 27 30
or -0.2069850377913376 1156 1282
nemesis -0.20897489748918474 8 9
begin -0.2103823491265029 70 78
meanwhile -0.21085999878668993 52 58
damn -0.21182801383084104 34 38
i'd -0.21224827580542183 60 67
series -0.21331333862013668 206 230
jamie -0.21484000797760672 16 18
think -0.21531842267281576 329 368
stop -0.21540580107001972 92 103
dr -0.21609237880502974 83 93
shots -0.21640985811695046 66 74
had -0.21645541100903554 585 655
example -0.21663782967771716 116 130
j -0.2169430686091598 49 55
managed -0.21802477369845796 32 36
waiting -0.2186837323502946 40 45
me -0.21973766858184174 535 601
 -0.21989072359187567 737 828
there -0.22063682642395843 1022 1149
critique -0.2213974125615117 23 26
distracted -0.2213975105750965 7 8
actually -0.22174564950210218 318 358
sort -0.22247556954795833 102 115
agent -0.2231595037152001 62 70
here -0.22326087717672927 416 469
been -0.2233949290624926 777 876
onto -0.22375877101577224 46 52
happen -0.22397815425920875 85 96
trust -0.22497527203568168 30 34
lack -0.22531131680164584 84 95
suddenly -0.22550424651273282 53 60
self -0.22621669207093653 22 25
type -0.2262167179314165 68 77
enough -0.2262167491231839 344 389
talk -0.22667446735451335 83 94
might -0.2275252160385861 234 265
peak -0.22877761321161216 14 16
money -0.23123831842779907 190 216
interesting -0.23127758860538972 234 266
clothes -0.23144773396362872 21 24
wonder -0.2318686878966627 94 107
doesn't -0.23340750999128712 468 533
shallow -0.23366756173744108 35 40
pretty -0.2359255621115839 204 233
looking -0.2363390313372058 154 176
bride -0.23714574687369527 20 23
giant -0.2371457726802202 69 79
used -0.23714578082964977 132 151
dozens -0.23714579452023266 13 15
women -0.24081553627796737 101 116
scientist -0.24176473538370935 26 30
so -0.24200658241969375 1333 1531
made -0.2421069832877336 376 432
thing -0.24294302118555056 300 345
described -0.24337628764315333 19 22
ask -0.24419642017521426 52 60
my -0.24464188804812004 514 592
comedic -0.24469296913323113 32 37
okay -0.24526492656424992 45 52
morning -0.24671523518754057 25 29
we've -0.24671528628369188 38 44
richard -0.24786404642427762 57 66
grace -0.2481956463465167 44 51
struggling -0.2502178095857559 18 21
under -0.2502179423647455 132 153
incredibly -0.2520343909045657 49 57
know -0.25241330421095753 454 527
eye -0.25265001305854007 55 64
chosen -0.25314620663430176 30 35
i -0.25338600856322824 2778 3227
yes -0.25342665744699033 98 114
cut -0.25355454972297764 67 78
killer -0.254845433511397 97 113
going -0.255116106874655 323 376
starring -0.2556306002339692 66 77
girlfriend -0.2558062445013256 72 84
just -0.2560065807497445 1056 1230
obviously -0.25608299839018756 84 98
already -0.25645363983839786 108 126
geniuses -0.25776505940052985 5 6
revenge -0.2577650664612765 35 41
attractive -0.25776509245294044 29 34
middle -0.25776510079673187 77 90
only -0.26045683682881027 900 1053
who's -0.2604569090461908 105 123
odd -0.26124335042328894 40 47
even -0.26236281362450153 929 1089
sends -0.2639570229271708 22 26
team -0.26429680191294835 108 127
intended -0.26488253764748215 39 46
stanley -0.2661333076733623 16 19
miss -0.2672438808398301 44 52
movie's -0.267917428462237 83 98
substance -0.2679174550971357 27 32
coherent -0.2706684502201675 10 12
hell -0.2716062007103677 81 96
director -0.2716592801579081 387 458
stand -0.27223714205551985 48 57
heroes -0.27269071230013786 37 44
water -0.2730325673355871 64 76
acting -0.27313686659902103 248 294
test -0.2735134357316742 26 31
fight -0.2737653977838299 123 146
apart -0.2742399702838014 42 50
2000 -0.27546462568130003 15 18
tough -0.2768861139537879 36 43
writer -0.2779677447558111 62 74
wears -0.2779677447558129 20 24
off -0.2796951726902144 508 606
deliver -0.28054512630573214 30 36
big -0.28123009060259907 354 423
start -0.2815014003384029 112 134
stuff -0.28159752516116576 76 91
intelligence -0.2818626805069204 40 48
get -0.2828709739596649 707 846
suspense -0.28358580601839734 70 84
ends -0.2841983358881386 95 114
summer -0.28436244731960514 105 126
do -0.28472752126116596 689 826
have -0.285655535296665 1782 2138
bites -0.2859359057161477 4 5
mistake -0.28593594489877283 24 29
started -0.2859360270515605 29 35
couple -0.287017625814574 153 184
paul -0.28804349194974854 78 94
presence -0.2883484778515246 68 82
recently -0.28933161078215974 48 58
apparent -0.2902004001308711 38 46
johnny -0.29166664155697575 28 34
kevin -0.2919240125869731 110 133
luck -0.29285638169593575 23 28
corner -0.2946695761429883 18 22
formula -0.2959862688289867 32 39
anyone -0.29777039660045457 153 186
altogether -0.2977704793715841 13 16
watching -0.2981027237612972 176 214
trying -0.2997968228154244 202 246
someone -0.3003246457528874 137 167
hold -0.300324669766189 45 55
talking -0.30144016652767647 63 77
ground -0.30206534830540654 40 49
aren't -0.30228506218382023 90 110
10 -0.3024652810197299 49 60
bitch -0.3042850864622242 8 10
dying -0.30428509630857725 26 32
huge -0.30428510756154914 62 76
quickly -0.3042851539041358 89 109
matthew -0.30655523579977917 39 48
boat -0.3072133217405053 30 37
girl -0.3073935581409266 145 178
talented -0.30770982793246304 52 64
stone -0.3084087810764 43 53
regular -0.3084087810764018 21 26
lost -0.3091542535542562 148 182
vegas -0.3094664882060094 34 42
screenwriter -0.30995085042257564 47 58
plan -0.3102286034809314 60 74
wrong -0.3103273989814497 134 165
action -0.31046429810572107 395 486
ann -0.311253760527439 12 15
likes -0.31125376819953665 38 47
writing -0.31215917572230545 68 84
literally -0.31492347664545406 33 41
cop -0.31578902410020504 54 67
cat -0.31718846101235165 20 25
appearance -0.31802428351747203 45 56
mean -0.31950283956157044 82 102
tim -0.3198375761555958 57 71
myself -0.32067893307724304 65 81
if -0.3209700838763432 1004 1248
calls -0.3213378805110203 36 45
thrown -0.32186801673496035 40 50
called -0.3236763014479891 129 161
endless -0.3267579035982653 19 24
misha -0.3267579253770556 3 4
they'll -0.3267579356901429 11 14
chase -0.32675795861291235 55 69
killed -0.3292864530574722 78 98
could -0.33038775812887966 494 620
that's -0.3310042824474708 281 353
then -0.3311049108306081 504 633
thin -0.33187309828316813 38 48
sign -0.33318886258688174 30 38
don't -0.33324848778197946 429 540
need -0.3338754697079036 111 140
problems -0.33472614428771585 99 125
baseball -0.3354159920615949 22 28
else -0.33567329995043416 133 168
cable -0.33722919421598263 18 23
whole -0.3379312765071605 177 224
owner -0.3384540231991515 33 42
pulling -0.34000314215776406 14 18
yourself -0.3412860645619453 40 51
gun -0.3420254211043421 51 65
thriller -0.34236582914687474 88 112
thought -0.343755585930106 139 177
momentum -0.34477642791541996 10 13
players -0.3447764378010785 32 41
effort -0.3447765033415333 54 69
standard -0.3465605720278191 39 50
movie -0.346675361642383 1878 2395
dollars -0.3472364958270262 28 36
did -0.3476295476295368 274 350
i'm -0.3477346180282064 216 276
amusing -0.34781139050732435 46 59
didn't -0.34789221524905756 205 262
throwing -0.34873685301945656 17 22
fan -0.3487368907705939 53 68
trip -0.3497475256684055 42 54
synopsis -0.3504744702386713 24 31
`the -0.35492879186858595 20 26
nor -0.3549288416739511 62 80
wished -0.3549288932115324 6 8
five -0.35620519971947573 86 111
vampires -0.3585066214362609 30 39
any -0.35942876955740477 541 699
video -0.36015626072015827 105 136
saw -0.3609493127708312 91 118
location -0.36144349664640174 16 21
air -0.36144354914341115 50 65
falls -0.36202615764805657 77 100
budget -0.362476041666703 43 56
adams -0.3631255998243539 26 34
idea -0.364215549559308 130 169
guys -0.36434072662828143 93 121
laugh -0.3649791411162777 76 99
either -0.36541709764238384 136 177
twelve -0.36597861985480407 9 12
complete -0.3659786788806816 69 90
mentioned -0.3659786830041405 29 38
review -0.3674290644330753 105 137
knew -0.36776599580603886 42 55
spends -0.36830698435477593 32 42
jerry -0.369317546055802 45 59
am -0.36931756846821706 68 89
career -0.3697240209092225 81 106
pass -0.3702431030237854 35 46
point -0.37162372444446135 230 301
jason -0.37187843451120806 38 50
africa -0.37187844537879045 12 16
boss -0.37327796856997075 41 54
appears -0.37390481347075877 86 113
facts -0.3755480943491474 15 20
running -0.3759621159365363 114 150
kill -0.3760290011272005 98 129
sequel -0.377503119163082 72 95
practically -0.37805119209810023 18 24
door -0.37902639541817784 40 53
college -0.38060121549925796 46 61
5 -0.38124613081557435 24 32
appear -0.3818177734868353 52 69
explain -0.3839163993607837 33 44
planet -0.3854656095573219 85 113
daughter -0.386612578196166 106 141
dialogue -0.3868222032164814 167 222
? -0.38862111080373474 1309 1741
ape -0.3912964387076041 20 27
handful -0.39129644185351964 14 19
shreds -0.39129646103004134 2 3
doctors -0.3912964710924509 8 11
helen -0.39129653442297396 26 35
isn't -0.3930432327112001 285 381
she's -0.39311968978846323 136 182
move -0.39552483887636036 58 78
guy -0.39600238088040385 211 283
year's -0.39696221893746575 43 58
given -0.3985377003163695 171 230
asked -0.39907864090284484 31 42
tries -0.4013266832394162 123 166
thinks -0.4014488819665285 48 65
fish -0.40210737104773564 22 30
no -0.40222557936396 818 1103
they're -0.40297299166235945 148 200
covered -0.40371895071103836 19 26
travolta -0.40471949646613226 36 49
cameo -0.4058952632036341 33 45
makeup -0.40899600831773597 13 18
basically -0.4128026823153963 68 93
everett -0.413769304205033 10 14
lacks -0.4137693605164081 32 44
development -0.4153940422571978 40 55
project -0.415989106101776 59 81
can't -0.41598914486886773 209 286
angle -0.417271908354639 18 25
give -0.41768324960368375 186 255
gone -0.42052619277848713 58 80
enhanced -0.42206811435009506 7 10
ten -0.4220681216069444 47 65
williamson -0.42638776100301 20 28
care -0.4290368592187388 103 143
exercise -0.4321184689745685 17 24
got -0.4336557872814133 155 216
grant -0.4338560713957005 22 31
steve -0.4344686600527581 50 70
creature -0.43574822435925853 32 45
desk -0.4400865975500565 4 6
factor -0.4400866108256114 14 20
figure -0.4400866116967084 64 90
needed -0.44394021272267103 36 51
gang -0.444541017064477 31 44
feet -0.4453636495291775 26 37
hollow -0.4465591291969666 21 30
better -0.44791541313484373 308 435
editing -0.44845488127662847 33 47
dante's -0.45192114588139276 11 16
interest -0.45350972210961693 73 104
investigate -0.4550122392108733 18 26
thinking -0.4568937657988368 58 83
you're -0.4576309690658693 112 160
teen -0.45815948480720436 46 66
response -0.46028930801349155 13 19
storm -0.46028931499721715 20 29
wait -0.4622482817584004 50 72
girls -0.46326993268661454 66 95
there's -0.4644473505342175 335 481
exact -0.46462773197260354 22 32
clue -0.46651988090732743 15 22
nobody -0.46825756892997106 24 35
name -0.4694143103137005 119 172
enemies -0.4713391852311073 8 12
professor -0.47133919037555394 26 38
barely -0.4733614159122581 37 54
foreign -0.4751779198454624 19 28
nick -0.47681865111817423 41 60
scary -0.47712798472675466 52 76
evident -0.47830782954493145 10 15
oh -0.4792265628651702 67 98
max -0.47966564035568204 45 66
mad -0.48090862512272103 23 34
campy -0.48310397432494234 12 18
low -0.4831040737847285 38 56
shouldn't -0.4849819722617479 27 40
road -0.48554907148459314 42 62
antics -0.4866066308265591 14 21
desperate -0.48802613091165625 31 46
laughter -0.48927687915874607 16 24
accidentally -0.49137988604989147 18 27
lines -0.4921011757807854 98 145
taste -0.49307913998915076 20 30
neither -0.49509323251629134 47 70
check -0.49565648860140143 24 36
problem -0.4962752745081431 130 193
whatever -0.5016445946312622 44 66
couldn't -0.5039381293865919 64 96
miserable -0.5090794738396696 9 14
drags -0.5090794769855833 13 20
studio -0.5090794827655323 49 74
eric -0.5090794901218345 21 32
massachusetts -0.5090794989803218 3 5
sounds -0.5090795143861584 41 62
car -0.5090795151713188 103 155
angel -0.5090795160873416 17 26
sit -0.5090795264346202 45 68
total -0.509079533540941 29 44
hopeful -0.5090795597213411 5 8
minutes -0.509079566516637 201 302
should -0.5138642368884154 277 418
murphy -0.5153491228874145 52 79
eddie -0.5158592397523556 48 73
expected -0.5164597105226321 44 67
include -0.5180481904179235 36 55
flying -0.5205081799305944 28 43
cliches -0.5213496134731894 26 40
cruise -0.5223246840361746 24 37
plot -0.5226656730717378 462 703
20 -0.5234682354883802 22 34
disaster -0.524117398504913 43 66
mental -0.5248278403371156 20 31
thirty -0.5264712083452974 18 28
answer -0.5274286927887264 35 54
bug -0.5284975954152848 16 25
fair -0.5296988290639533 31 48
credits -0.5303569155203451 61 94
what's -0.5304936260901147 76 117
throws -0.5310583973837915 14 22
least -0.5314517976862403 220 338
donald -0.5343972740206979 12 19
obvious -0.5349589518982185 88 136
club -0.5357478041692065 36 56
missed -0.5364784793927715 23 36
sits -0.5389325143962829 10 16
accent -0.5408281950395271 30 47
villain -0.5412366441093823 50 78
attempts -0.5423367208699954 68 106
kiss -0.5429810826449764 28 44
add -0.5441708232942908 55 86
tv -0.5447397540390995 100 156
seriously -0.5454471181970248 53 83
sylvester -0.5454471629263598 8 13
brothers -0.54681986997244 51 80
decided -0.5475458299085982 33 52
keanu -0.5499014968624394 15 24
potential -0.5506285682679017 54 85
ugly -0.5516391700870003 22 35
except -0.5541999454111846 64 101
script -0.5552314455133951 246 387
breathing -0.555599496986531 6 10
trailer -0.5555995009140187 41 65
seemed -0.5583505565709093 65 103
weapon -0.5603727623395045 18 29
1 -0.5614475251231585 61 97
profanity -0.5631466748275447 11 18
looks -0.564649385657856 139 221
wilson -0.5662379262715191 16 26
nothing -0.5680357128913363 246 392
bored -0.5689776647507223 26 42
silly -0.5709549283740838 46 74
earth -0.5720925200096332 81 130
sexy -0.5736179837319302 24 39
animals -0.573617999179568 19 31
infamous -0.5736180154567858 14 23
save -0.578072373066016 83 134
space -0.5809440615910688 84 136
product -0.5816501929216447 30 49
emily -0.5831874429927897 12 20
cartoon -0.5864661964921556 28 46
moronic -0.5891222131189782 7 12
hoping -0.5891222156739211 23 38
o'donnell -0.5931625873314381 18 30
wouldn't -0.5931627092131659 56 92
talent -0.5960908874271418 65 107
chief -0.5960909282362312 21 35
saves -0.6000512635437634 13 22
pull -0.6026055731105373 33 55
nudity -0.6043896597564711 19 32
* -0.6051376516014297 323 534
don -0.6067179895464871 25 42
talents -0.6081704476122916 31 52
female -0.6095501287380607 40 67
tiring -0.6144399745233002 2 4
outrageous -0.6144400133389034 14 24
ripped -0.6144400392159728 8 14
ideas -0.6190804961268501 42 71
loud -0.6208709091781834 30 51
names -0.6215575135480922 27 46
games -0.6224081527040219 24 41
scott -0.622914671390097 46 78
cares -0.6234898479076616 21 36
laughed -0.6268625439752125 15 26
jokes -0.6278630477803411 73 124
reads -0.6297074629937374 12 21
producers -0.6316818260395802 22 38
hayek -0.6342426840309194 9 16
teenage -0.6364189047552049 26 45
broderick -0.6376968954059432 16 28
maybe -0.6393693513483623 102 175
developments -0.6426108816167577 6 11
partner -0.6426109144070082 34 59
fat -0.6426109390284154 20 35
signs -0.6472298642079064 17 30
decent -0.6479160252922238 46 80
brain -0.6501580433424348 21 37
christopher -0.6547913641325831 33 58
plain -0.6569995848889594 22 39
solely -0.663230143495392 11 20
selena -0.6632301908142306 3 6
wasn't -0.6632302048775305 87 153
meant -0.6632302117003892 27 48
minute -0.6675498565615676 32 57
twice -0.6681442308724925 28 50
freeman -0.6715984494001503 16 29
priest -0.6741592295509697 12 22
guess -0.6761335836071325 65 116
junk -0.6789785645558712 8 15
b -0.6809298045655137 31 56
cheap -0.682351252624338 36 65
banderas -0.6834328794988753 13 24
! -0.6848835032330074 495 886
cars -0.6855359725307544 18 33
why -0.6860102344138967 247 443
attempt -0.6867606898500007 71 128
urban -0.6867606900490895 23 42
apparently -0.6878674413635544 62 112
extended -0.6914010604516765 14 26
cap -0.6914010978708678 4 8
handle -0.6983215131096365 15 28
bat -0.7014513430381903 10 19
weak -0.7032355479284291 27 50
holes -0.704388274392084 16 30
promise -0.7057897538610511 22 41
reason -0.7059865631402555 120 220
comprised -0.7097501634963397 5 10
material -0.7111061314397684 66 122
involves -0.7126785006247189 30 56
explained -0.7145234517720827 18 34
corny -0.7167188476239641 12 23
talks -0.7188000175422982 19 36
bunch -0.7193749446212809 46 86
replace -0.7226535957554141 6 12
predictable -0.7241909213777387 49 92
joke -0.7247881335158528 35 66
designed -0.7277687072906946 14 27
jennifer -0.7300702091688418 30 57
chick -0.7322230671038437 7 14
cash -0.7348861892665308 24 46
sole -0.7361369747400488 16 31
superior -0.7396031891398707 26 50
wanders -0.7396032494072227 8 16
mission -0.7436517862570966 57 109
awake -0.7454682129770713 9 18
subplot -0.7454683210419777 29 56
jean -0.7502415120102821 10 20
devices -0.7542019300535721 11 22
throw -0.7575408455060817 25 49
teens -0.7603939266116484 13 26
blow -0.7628600295861006 14 28
taylor -0.7650128920957773 15 30
flat -0.7669086353169519 33 65
filmmakers -0.7680515185480452 52 102
unfortunately -0.7714437555083791 99 194
fake -0.7747826765763808 22 44
writers -0.7810132664927849 31 62
robin -0.7881035328823387 57 114
offensive -0.7967615014769063 18 37
shakespearean -0.7967615126728269 4 9
folks -0.7967615228024663 20 41
toilet -0.7967615320112298 10 21
flee -0.7967615481265664 2 5
instances -0.7967615734506666 6 13
briefcase -0.7967615924437421 3 7
cheesy -0.7967616595914002 16 33
burns -0.796761663247171 8 17
rising -0.8192344347256117 21 44
ass -0.8202920693561637 20 42
none -0.8222948993993722 57 118
joel -0.8227370423232827 18 38
sorry -0.8241605829186014 17 36
write -0.8295514085722413 29 61
con -0.8318528957460725 13 28
please -0.834501892618853 25 53
wing -0.8345018926188548 12 26
anyway -0.8367669747978219 48 101
beverly -0.837583546008684 11 24
mildly -0.8412132985684622 10 22
football -0.8455516816449187 19 41
catch -0.8455517829692489 29 62
holy -0.8508287783533746 8 18
armageddon -0.8539200734313486 16 35
heston -0.8573862772950935 7 16
suffers -0.8613001089202061 14 31
unless -0.8657544455177959 20 44
cream -0.8657544497402796 6 14
stereotypes -0.8708695394578729 12 27
annoying -0.8733016371222746 43 94
trait -0.8768042622652228 5 12
mediocre -0.876804319199751 17 38
hide -0.8837729166414565 10 23
thrillers -0.8863737565364218 15 34
poor -0.8904470803699116 55 122
ambassador -0.8920717016458664 4 10
carpenter -0.8920717694971092 14 32
horrible -0.8958524967585362 23 52
explanation -0.8968449701447536 18 41
trash -0.8985442747322132 13 30
suppose -0.899945824803897 22 50
official -0.9021220780491301 8 19
screaming -0.9059608617532788 12 28
horribly -0.9145445931214571 11 26
motions -0.9145446911350419 7 17
gags -0.9193638726308819 22 51
failure -0.9203755166984511 18 42
54 -0.9219247937715576 14 33
data -0.9245949145235741 10 24
beast -0.9268147422973865 17 40
impression -0.9302929274336407 20 47
miraculously -0.930292975080178 6 15
hey -0.9339627293839285 16 38
todd -0.9365234682030987 9 22
instinct -0.939862415747486 12 29
devil -0.9433649901457013 18 43
grant's -0.9509122399604752 2 6
guilty -0.9509122470212219 17 41
paris -0.9509122730128858 14 34
category -0.9638156307801129 10 25
we'll -0.9686118062412454 7 18
blame -0.9711149253157583 20 49
advocate -0.9790830862760931 4 11
value -0.9790832076115059 14 35
tv's -0.9860035622558811 11 28
unintentionally -0.9909176599315295 6 16
league -0.9945873470876219 15 38
stale -0.9974322670221696 8 21
pathetic -1.0015559616363454 21 53
hills -1.0015559616363472 10 26
worse -1.0033757840408768 60 149
remotely -1.0044009410873844 12 31
adam -1.0064821272829363 14 36
rape -1.0199050841582107 9 24
tuna -1.019905105937001 1 4
nowhere -1.0199051162500883 23 59
frankly -1.0199051391728577 13 34
spice -1.0293838760656104 20 52
painful -1.0351726016642875 12 32
stopped -1.041884033579402 8 22
screwed -1.0480760737714778 6 17
titles -1.0591258004147495 4 12
excuse -1.0686952749090928 15 41
claire -1.0754749934429082 13 36
zeta -1.0844436415899867 2 7
snipes -1.0844436516523963 8 23
fails -1.094806501939475 35 96
remake -1.0990424437635795 16 45
rocks -1.1021431888776814 6 18
bone -1.1069164847649784 10 29
lynch -1.1091362866617214 14 40
bad -1.1127553006487512 295 811
potentially -1.1152152949100405 7 21
hired -1.1152153021668898 11 32
patients -1.125265649534514 8 24
angst -1.133233778110002 4 13
naked -1.1376881976244224 15 44
zany -1.1450683264413382 5 16
virus -1.1495829594501146 12 36
dumb -1.1519649121236526 33 96
west -1.1551591725882293 28 82
disappears -1.1596670614672728 7 22
fatal -1.1644863657910527 8 25
greg -1.1683251004054078 9 28
schwarzenegger -1.1740558056826664 11 34
supposed -1.181817873279277 65 193
crap -1.183534600284366 17 52
derivative -1.202226654399615 4 14
repetitive -1.2022266575455287 6 20
alas -1.20222667068178 10 32
noises -1.2022266795402672 1 5
battlefield -1.202226696647287 8 26
gods -1.2022267402812865 2 8
clich -1.2257572040992262 13 42
cage -1.2320796949562283 21 67
generic -1.2350164793915486 9 30
breasts -1.2385943434863051 8 27
redeeming -1.2430486774223848 7 24
ads -1.2487466775464764 6 21
shift -1.25629385538749 5 18
dubious -1.2667651797395134 4 15
harry -1.270545971624168 32 105
saved -1.276334623552735 12 41
spoiled -1.2822693936789236 3 12
anywhere -1.2892381087961766 10 35
cindy -1.3075871550832456 2 9
dressed -1.3075872197759182 8 29
bland -1.3134523674217657 16 56
batman -1.3180584682393484 37 127
ace -1.3200097245351579 7 26
arnold -1.3273898623284026 14 50
muddled -1.3273898645908648 4 16
insult -1.3403770447678518 8 30
mining -1.3563773240553374 5 20
laughably -1.356377371374176 3 13
mars -1.3563773922603346 27 97
terrible -1.3673064101109151 25 91
painfully -1.3692807647487566 10 38
snake -1.3799078706090349 11 42
charlize -1.3845482784308132 4 17
tolerable -1.402897344056285 2 10
badly -1.4098660281839095 12 47
sports -1.4119471981022436 9 36
here's -1.4158007763153595 13 51
krippendorf -1.425370247663789 3 14
mayor -1.4386153935370167 4 18
julie -1.4418995837847461 15 60
goldblum -1.4473491106135175 5 22
bore -1.4617379092084963 8 34
ventura -1.4899086932327723 4 19
dull -1.4899087125711752 21 87
frankenheimer -1.4899087286865118 2 11
stowe -1.4899087730036875 1 7
boring -1.5007197030947133 45 185
laughable -1.5105280587701433 11 48
betty -1.5250000763060179 6 28
lucy -1.5307307265686294 5 24
crawford -1.538698862204864 4 20
miserably -1.550533457855039 3 16
damme -1.5558667291327364 10 46
bother -1.558901630300225 6 29
poking -1.5699514428251682 2 12
pointless -1.569951508018459 14 64
robbins -1.5852188822058118 4 21
gabriel -1.6076917736814025 5 26
schaech -1.6076918716949873 1 8
stupid -1.616660455072731 36 167
whatsoever -1.6234401556401235 6 31
rip-off -1.6296706487630441 4 22
gayheart -1.6440594205204206 2 13
ridiculous -1.647811794982493 18 88
mess -1.6569628113400583 21 103
krippendorf's -1.6617589868011908 3 18
presumably -1.6722302668360385 4 23
garbage -1.6791507428158265 5 28
henstridge -1.713052264718156 4 24
guinea -1.7130522864969464 1 9
carpenter's -1.7130522968100337 2 14
patch -1.7310707890353108 10 55
waste -1.745842196254884 17 92
commander -1.7522729809746949 4 25
awful -1.759037482043139 16 88
nielsen -1.7618424554690382 3 20
watchers -1.7775908221499321 2 15
worst -1.7792341768406645 37 202
freddie -1.7900133118309292 4 26
plunkett -1.8083624754699859 1 10
poorly -1.8263809586699473 9 55
mimic -1.8382155070012836 2 16
forgot -1.8528142420272182 3 22
prinze -1.8614722809653532 4 28
uninteresting -1.8712763333816387 6 40
lame -1.8801064092031297 10 64
wasted -1.8833976702041113 13 82
cbs -1.8953738601002126 0 5
fares -1.895373920841232 2 17
flubber -1.928163659951494 4 30
generate -1.9494410359474355 2 18
yawn -1.975416574238869 1 12
spawn -1.9754165788377662 9 64
kombat -2.000734335643191 2 19
wcw -2.0131569050951033 3 26
inept -2.0495245243921385 4 34
_54_ -2.0495245519341214 0 6
nasa -2.0960445246162305 2 21
darryl -2.1185174282237345 1 14
phillippe -2.140496291173463 2 22
martian -2.183055909246457 2 23
isle -2.183055953563633 0 7
nonsense -2.223877907128575 2 24
sammy -2.2436806384149843 1 16
alicia -2.2630986233851136 2 25
highlander -2.3008390522549327 0 8
uninvolving -2.3549061673611362 1 18
godzilla -2.365377447395984 9 95
idiotic -2.372297923375772 2 28
wrestling -2.4061994452781015 4 49
vikings -2.406199467056892 0 9
ludicrous -2.4707380027098775 2 31
rochon -2.5015096560299313 0 10
rugrats -2.588521040660158 0 11
jawbreaker -2.6293430385422756 1 24
jakob -2.6685637547988144 1 25
werewolf -2.7063040856550487 1 26
schumacher -2.742671685175228 2 41
musketeer -2.742671732494067 0 13
incoherent -2.81166460878368 0 14
sphere -2.8762031341235783 0 15
tomb -2.9368278189749297 0 16
tango -2.993986232814878 0 17
bruckheimer -3.0480533479210816 0 18
8mm -3.1240393118650935 1 40
pokemon -3.148136816588929 0 20
1900 -3.1946568365898766 0 21
brenner -3.239108603147109 0 22
seagal -3.5048117893436253 0 29
jolie -3.537601614335559 0 30
&nbsp -4.181151884636003 0 58
