&nbsp 4.181151884636003 0 58
jolie 3.537601614335559 0 30
seagal 3.5048117893436253 0 29
brenner 3.239108603147109 0 22
1900 3.1946568365898766 0 21
pokemon 3.148136816588929 0 20
8mm 3.1240393118650935 1 40
bruckheimer 3.0480533479210816 0 18
tango 2.993986232814878 0 17
tomb 2.9368278189749297 0 16
sphere 2.8762031341235783 0 15
incoherent 2.81166460878368 0 14
musketeer 2.742671732494067 0 13
schumacher 2.742671685175228 2 41
werewolf 2.7063040856550487 1 26
jakob 2.6685637547988144 1 25
jawbreaker 2.6293430385422756 1 24
rugrats 2.588521040660158 0 11
rochon 2.5015096560299313 0 10
ludicrous 2.4707380027098775 2 31