shrek 3.9907301549994116 59 0
mulan 3.5599472216967154 77 1
gattaca 3.5073034913122374 36 0
flynt 3.346373170570777 62 1
guido 3.330372794856725 30 0
leila 3.2975829744394662 29 0
sweetback 3.2285901082794943 27 0
taran 3.192222467068053 26 0
homer 3.154482142272288 25 0
mallory 3.1152614325610557 24 0
donkey 3.0318798314040265 22 0
rounders 2.9874280732547955 21 0
truman's 2.9409080624626114 20 0
lebowski 2.9168104589130177 40 1
giles 2.892117903620159 19 0
farquaad 2.840824615120324 18 0
carver 2.7867573382438557 17 0
camille 2.729598928059678 16 0
cal 2.668974310355985 15 0
damon 2.620965131285711 60 3